0.000000000000000000e+00 0.000000000000000000e+00
3.003003003003002977e-02 3.002920945113120993e-02
6.006006006006005954e-02 6.005349523974060078e-02
9.009009009009008584e-02 9.006793442917494785e-02
1.201201201201201191e-01 1.200676289008010822e-01
1.501501501501501523e-01 1.500479698410250029e-01
1.801801801801801717e-01 1.800040484971982269e-01
2.102102102102102188e-01 2.099308478472649009e-01
2.402402402402402382e-01 2.398233697519492891e-01
2.702702702702702853e-01 2.696766349547561337e-01
3.003003003003003046e-01 2.994856830819702109e-01
3.303303303303303240e-01 3.292455726426568030e-01
3.603603603603603434e-01 3.589513810286614759e-01
3.903903903903903627e-01 3.885982045146098574e-01
4.204204204204204376e-01 4.181811582579080810e-01
4.504504504504504570e-01 4.476953762987422869e-01
4.804804804804804763e-01 4.771360115600792318e-01
5.105105105105105512e-01 5.064982358476658453e-01
5.405405405405405705e-01 5.357772398500288968e-01
5.705705705705705899e-01 5.649682331384763279e-01
6.006006006006006093e-01 5.940664441670955309e-01
6.306306306306306286e-01 6.230671202727545710e-01
6.606606606606606480e-01 6.519655276751016304e-01
6.906906906906906674e-01 6.807569514765655638e-01
7.207207207207206867e-01 7.094366956623548992e-01
7.507507507507507061e-01 7.380000831004588369e-01
7.807807807807807254e-01 7.664424555416466944e-01
8.108108108108108558e-01 7.947591736194682399e-01
8.408408408408408752e-01 8.229456168502532476e-01
8.708708708708708945e-01 8.509971836331122752e-01
9.009009009009009139e-01 8.789092912499355537e-01
9.309309309309309333e-01 9.066773758653936532e-01
9.609609609609609526e-01 9.342968925269382607e-01
9.909909909909909720e-01 9.617633151648000700e-01
1.021021021021021102e+00 9.890721365919913355e-01
1.051051051051051122e+00 1.016218868504303208e+00
1.081081081081081141e+00 1.043199041480308509e+00
1.111111111111111160e+00 1.070008208444249931e+00
1.141141141141141180e+00 1.096644114913661427e+00
1.171171171171171199e+00 1.123103909277254786e+00
1.201201201201201219e+00 1.149382796570571186e+00
1.231231231231231238e+00 1.175476037904138682e+00
1.261261261261261257e+00 1.201378950463471096e+00
1.291291291291291277e+00 1.227086907509069347e+00
1.321321321321321296e+00 1.252595338376419676e+00
1.351351351351351315e+00 1.277899728475995200e+00
1.381381381381381335e+00 1.302995619293255025e+00
1.411411411411411354e+00 1.327878608388644910e+00
1.441441441441441373e+00 1.352544349397596601e+00
1.471471471471471393e+00 1.376988552030528279e+00
1.501501501501501412e+00 1.401206982072844109e+00
1.531531531531531432e+00 1.425195461384934692e+00
1.561561561561561451e+00 1.448949867902177280e+00
1.591591591591591470e+00 1.472466135634935114e+00
1.621621621621621712e+00 1.495740254668557645e+00
1.651651651651651731e+00 1.518768271163380312e+00
1.681681681681681750e+00 1.541546287354725653e+00
1.711711711711711770e+00 1.564070461552901747e+00
1.741741741741741789e+00 1.586337008143203331e+00
1.771771771771771808e+00 1.608342197585911570e+00
1.801801801801801828e+00 1.630082356416293177e+00
1.831831831831831847e+00 1.651553867244602181e+00
1.861861861861861867e+00 1.672753168756078157e+00
1.891891891891891886e+00 1.693676755710946891e+00
1.921921921921921905e+00 1.714321178944421042e+00
1.951951951951951925e+00 1.734683045366699483e+00
1.981981981981981944e+00 1.754759017962966405e+00
2.012012012012012185e+00 1.774545815793393766e+00
2.042042042042042205e+00 1.794040213993138400e+00
2.072072072072072224e+00 1.813239043772344683e+00
2.102102102102102243e+00 1.832139192416142093e+00
2.132132132132132263e+00 1.850737603284647204e+00
2.162162162162162282e+00 1.869031275812962800e+00
2.192192192192192302e+00 1.887017265511177211e+00
2.222222222222222321e+00 1.904692683964366307e+00
2.252252252252252340e+00 1.922054698832591502e+00
2.282282282282282360e+00 1.939100533850899755e+00
2.312312312312312379e+00 1.955827468829326010e+00
2.342342342342342398e+00 1.972232839652890091e+00
2.372372372372372418e+00 1.988314038281598695e+00
2.402402402402402437e+00 2.004068512750444953e+00
2.432432432432432456e+00 2.019493767169407317e+00
2.462462462462462476e+00 2.034587361723452226e+00
2.492492492492492495e+00 2.049346912672530330e+00
2.522522522522522515e+00 2.063770092351580487e+00
2.552552552552552534e+00 2.077854629170526657e+00
2.582582582582582553e+00 2.091598307614279229e+00
2.612612612612612573e+00 2.104998968242735469e+00
2.642642642642642592e+00 2.118054507690778632e+00
2.672672672672672611e+00 2.130762878668277516e+00
2.702702702702702631e+00 2.143122089960088239e+00
2.732732732732732650e+00 2.155130206426052464e+00
2.762762762762762669e+00 2.166785349000998728e+00
2.792792792792792689e+00 2.178085694694742003e+00
2.822822822822822708e+00 2.189029476592082357e+00
2.852852852852852727e+00 2.199614983852807626e+00
2.882882882882882747e+00 2.209840561711690299e+00
2.912912912912912766e+00 2.219704611478491074e+00
2.942942942942942786e+00 2.229205590537955306e+00
2.972972972972972805e+00 2.238342012349815668e+00
3.003003003003002824e+00 2.247112446448789935e+00
3.033033033033032844e+00 2.255515518444584089e+00
3.063063063063062863e+00 2.263549910021888323e+00
3.093093093093092882e+00 2.271214358940379707e+00
3.123123123123122902e+00 2.278507659034723076e+00
3.153153153153152921e+00 2.285430123079296383e+00
3.183183183183182940e+00 2.291982999546390509e+00
3.213213213213213404e+00 2.298164856759897567e+00
3.243243243243243423e+00 2.303974283276279067e+00
3.273273273273273443e+00 2.309409940371340397e+00
3.303303303303303462e+00 2.314470562040226831e+00
3.333333333333333481e+00 2.319154954997425744e+00
3.363363363363363501e+00 2.323461998676765727e+00
3.393393393393393520e+00 2.327390645231417476e+00
3.423423423423423539e+00 2.330939919533892013e+00
3.453453453453453559e+00 2.334108919176043351e+00
3.483483483483483578e+00 2.336896814469065387e+00
3.513513513513513598e+00 2.339302848443494565e+00
3.543543543543543617e+00 2.341326336849208545e+00
3.573573573573573636e+00 2.342966668155426202e+00
3.603603603603603656e+00 2.344223303550708959e+00
3.633633633633633675e+00 2.345095776942957677e+00
3.663663663663663694e+00 2.345583694959416654e+00
3.693693693693693714e+00 2.345686736946670958e+00
3.723723723723723733e+00 2.345404654970646874e+00
3.753753753753753752e+00 2.344737273816612788e+00
3.783783783783783772e+00 2.343684490989177860e+00
3.813813813813813791e+00 2.342246276712292907e+00
3.843843843843843811e+00 2.340422673929250852e+00
3.873873873873873830e+00 2.338213798302684943e+00
3.903903903903903849e+00 2.335619838214571420e+00
3.933933933933933869e+00 2.332641054766226851e+00
3.963963963963963888e+00 2.329277781778309020e+00
3.993993993993993907e+00 2.325530425790819145e+00
4.024024024024024371e+00 2.321399466063096995e+00
4.054054054054054390e+00 2.316885454573826664e+00
4.084084084084084409e+00 2.311989016021032128e+00
4.114114114114114429e+00 2.306710847822078581e+00
4.144144144144144448e+00 2.301051720113674204e+00
4.174174174174174468e+00 2.295012475751867065e+00
4.204204204204204487e+00 2.288594030312047778e+00
4.234234234234234506e+00 2.281797372088948173e+00
4.264264264264264526e+00 2.274623562096640850e+00
4.294294294294294545e+00 2.267073734068540958e+00
4.324324324324324564e+00 2.259149094457404860e+00
4.354354354354354584e+00 2.250850922435330137e+00
4.384384384384384603e+00 2.242180569893755138e+00
4.414414414414414622e+00 2.233139461443461649e+00
4.444444444444444642e+00 2.223729094414570895e+00
4.474474474474474661e+00 2.213951038856547093e+00
4.504504504504504681e+00 2.203806937538194788e+00
4.534534534534534700e+00 2.193298505947661070e+00
4.564564564564564719e+00 2.182427532292433359e+00
4.594594594594594739e+00 2.171195877499341620e+00
4.624624624624624758e+00 2.159605475214556591e+00
4.654654654654654777e+00 2.147658331803590670e+00
4.684684684684684797e+00 2.135356526351298356e+00
4.714714714714714816e+00 2.122702210661874478e+00
4.744744744744744835e+00 2.109697609258856410e+00
4.774774774774774855e+00 2.096345019385122299e+00
4.804804804804804874e+00 2.082646811002892395e+00
4.834834834834834894e+00 2.068605426793727275e+00
4.864864864864864913e+00 2.054223382158530953e+00
4.894894894894894932e+00 2.039503265217546435e+00
4.924924924924924952e+00 2.024447736810360610e+00
4.954954954954954971e+00 2.009059530495900248e+00
4.984984984984984990e+00 1.993341452552434667e+00
5.015015015015015010e+00 1.977296381977573514e+00
5.045045045045045029e+00 1.960927270488268759e+00
5.075075075075075048e+00 1.944237142520813588e+00
5.105105105105105068e+00 1.927229095230842848e+00
5.135135135135135087e+00 1.909906298493332821e+00
5.165165165165165106e+00 1.892271994902601007e+00
5.195195195195195126e+00 1.874329499772306340e+00
5.225225225225225145e+00 1.856082201135450083e+00
5.255255255255255165e+00 1.837533559744373823e+00
5.285285285285285184e+00 1.818687109070761254e+00
5.315315315315315203e+00 1.799546455305637727e+00
5.345345345345345223e+00 1.780115277359369585e+00
5.375375375375375242e+00 1.760397326861664835e+00
5.405405405405405261e+00 1.740396428161573361e+00
5.435435435435435281e+00 1.720116478327485821e+00
5.465465465465465300e+00 1.699561440302849613e+00
5.495495495495495319e+00 1.678730994827083212e+00
5.525525525525525339e+00 1.657625172005835923e+00
5.555555555555555358e+00 1.636247583772731717e+00
5.585585585585585378e+00 1.614601868853843047e+00
5.615615615615615397e+00 1.592691692767688627e+00
5.645645645645645416e+00 1.570520747825235430e+00
5.675675675675675436e+00 1.548092753129897581e+00
5.705705705705705455e+00 1.525411454577536574e+00
5.735735735735735474e+00 1.502480624856461722e+00
5.765765765765765494e+00 1.479304063447429485e+00
5.795795795795795513e+00 1.455885596623643696e+00
5.825825825825825532e+00 1.432229077450756005e+00
5.855855855855855552e+00 1.408338385786864766e+00
5.885885885885885571e+00 1.384217428282517037e+00
5.915915915915915591e+00 1.359870138380706139e+00
5.945945945945945610e+00 1.335300476316873430e+00
5.975975975975975629e+00 1.310512429118907418e+00
6.006006006006005649e+00 1.285510010607144205e+00
6.036036036036035668e+00 1.260297261394367707e+00
6.066066066066065687e+00 1.234878248885808771e+00
6.096096096096095707e+00 1.209257067279145836e+00
6.126126126126125726e+00 1.183437837564504713e+00
6.156156156156155745e+00 1.157424707524458807e+00
6.186186186186185765e+00 1.131221851734029116e+00
6.216216216216215784e+00 1.104833471560684011e+00
6.246246246246245803e+00 1.078263795164339012e+00
6.276276276276275823e+00 1.051517077497357455e+00
6.306306306306305842e+00 1.024597600304549605e+00
6.336336336336335862e+00 9.975096721231738739e-01
6.366366366366365881e+00 9.702576282829356025e-01
6.396396396396395900e+00 9.428458309059879472e-01
6.426426426426426808e+00 9.152786689069305481e-01
6.456456456456456827e+00 8.875605579928126376e-01
6.486486486486486847e+00 8.596959406631289324e-01
6.516516516516516866e+00 8.316892862098225203e-01
6.546546546546546885e+00 8.035450907172829726e-01
6.576576576576576905e+00 7.752678770623485649e-01
6.606606606606606924e+00 7.468621949143037231e-01
6.636636636636636943e+00 7.183326207348816883e-01
6.666666666666666963e+00 6.896837577782624074e-01
6.696696696696696982e+00 6.609202360910733098e-01
6.726726726726727001e+00 6.320467125123891972e-01
6.756756756756757021e+00 6.030678706737322425e-01
6.786786786786787040e+00 5.739884209990733233e-01
6.816816816816817060e+00 5.448131007048282459e-01
6.846846846846847079e+00 5.155466737998626314e-01
6.876876876876877098e+00 4.861939310854885843e-01
6.906906906906907118e+00 4.567596901554660249e-01
6.936936936936937137e+00 4.272487953960013574e-01
6.966966966966967156e+00 3.976661179857490236e-01
6.996996996996997176e+00 3.680165558958121697e-01
7.027027027027027195e+00 3.383050338897393150e-01
7.057057057057057214e+00 3.085365035235274611e-01
7.087087087087087234e+00 2.787159431456212033e-01
7.117117117117117253e+00 2.488483578969120646e-01
7.147147147147147273e+00 2.189387797107391620e-01
7.177177177177177292e+00 1.889922673128898722e-01
7.207207207207207311e+00 1.590139062215976118e-01
7.237237237237237331e+00 1.290088087475442791e-01
7.267267267267267350e+00 9.898211399385892229e-02
7.297297297297297369e+00 6.893898785611818347e-02
7.327327327327327389e+00 3.888462302234585444e-02
7.357357357357357408e+00 8.824238973012876741e-03
7.387387387387387427e+00 -2.123691801896110398e-02
7.417417417417417447e+00 -5.129357488821040256e-02
7.447447447447447466e+00 -8.134043177692085180e-02
7.477477477477477485e+00 -1.113721620348313568e-01
7.507507507507507505e+00 -1.413834122192334508e-01
7.537537537537537524e+00 -1.713688020949708513e-01
7.567567567567567544e+00 -2.013229246344396817e-01
7.597597597597597563e+00 -2.312403460175900261e-01
7.627627627627627582e+00 -2.611156056319219321e-01
7.657657657657657602e+00 -2.909432160724909622e-01
7.687687687687687621e+00 -3.207177000535945677e-01
7.717717717717717640e+00 -3.504400793829617333e-01
7.747747747747747660e+00 -3.801097115209997046e-01
7.777777777777777679e+00 -4.097211828640194842e-01
7.807807807807807698e+00 -4.392691207320135738e-01
7.837837837837837718e+00 -4.687481933686560298e-01
7.867867867867867737e+00 -4.981531099413025188e-01
7.897897897897897757e+00 -5.274786205409902617e-01
7.927927927927927776e+00 -5.567195161824380900e-01
7.957957957957957795e+00 -5.858706288040462784e-01
7.987987987987987815e+00 -6.149268312678968229e-01
8.018018018018018722e+00 -6.438830373597540513e-01
8.048048048048048742e+00 -6.727342017890611814e-01
8.078078078078078761e+00 -7.014753201889458722e-01
8.108108108108108780e+00 -7.301014291162164493e-01
8.138138138138138800e+00 -7.586076060513622377e-01
8.168168168168168819e+00 -7.869889693985550050e-01
8.198198198198198838e+00 -8.152406784856471855e-01
8.228228228228228858e+00 -8.433579335641736563e-01
8.258258258258258877e+00 -8.713359758093501828e-01
8.288288288288288896e+00 -8.991700873200746402e-01
8.318318318318318916e+00 -9.268555911189256813e-01
8.348348348348348935e+00 -9.543878511521646235e-01
8.378378378378378954e+00 -9.817622722897333398e-01
8.408408408408408974e+00 -1.008974300325256035e+00
8.438438438438438993e+00 -1.036019421976037691e+00
8.468468468468469013e+00 -1.062893164883065733e+00
8.498498498498499032e+00 -1.089591097611008585e+00
8.528528528528529051e+00 -1.116108829648216005e+00
8.558558558558559071e+00 -1.142442011406720415e+00
8.588588588588589090e+00 -1.168586334222234235e+00
8.618618618618619109e+00 -1.194537530354152999e+00
8.648648648648649129e+00 -1.220291372985553124e+00
8.678678678678679148e+00 -1.245843676223191920e+00
8.708708708708709167e+00 -1.271190295097509582e+00
8.738738738738739187e+00 -1.296327125562626748e+00
8.768768768768769206e+00 -1.321250104496346278e+00
8.798798798798799226e+00 -1.345955209700152366e+00
8.828828828828829245e+00 -1.370438459899210759e+00
8.858858858858859264e+00 -1.394695914742369203e+00
8.888888888888889284e+00 -1.418723674802155887e+00
8.918918918918919303e+00 -1.442517881574781891e+00
8.948948948948949322e+00 -1.466074717480139178e+00
8.978978978978979342e+00 -1.489390405861801270e+00
9.009009009009009361e+00 -1.512461210987023463e+00
9.039039039039039380e+00 -1.535283438046742832e+00
9.069069069069069400e+00 -1.557853433155576894e+00
9.099099099099099419e+00 -1.580167583351826277e+00
9.129129129129129439e+00 -1.602222316597472274e+00
9.159159159159159458e+00 -1.624014101778177288e+00
9.189189189189189477e+00 -1.645539448703287055e+00
9.219219219219219497e+00 -1.666794908105827089e+00
9.249249249249249516e+00 -1.687777071642505122e+00
9.279279279279279535e+00 -1.708482571893710666e+00
9.309309309309309555e+00 -1.728908082363514565e+00
9.339339339339339574e+00 -1.749050317479669214e+00
9.369369369369369593e+00 -1.768906032593607902e+00
9.399399399399399613e+00 -1.788472023980448133e+00
9.429429429429429632e+00 -1.807745128838984749e+00
9.459459459459459651e+00 -1.826722225291697477e+00
9.489489489489489671e+00 -1.845400232384746930e+00
9.519519519519519690e+00 -1.863776110087974835e+00
9.549549549549549710e+00 -1.881846859294904029e+00
9.579579579579579729e+00 -1.899609521822739788e+00
9.609609609609609748e+00 -1.917061180412369392e+00
9.639639639639639768e+00 -1.934198958728359452e+00
9.669669669669669787e+00 -1.951020021358960799e+00
9.699699699699699806e+00 -1.967521573816104263e+00
9.729729729729729826e+00 -1.983700862535402676e+00
9.759759759759759845e+00 -1.999555174876150865e+00
9.789789789789789864e+00 -2.015081839121323881e+00
9.819819819819819884e+00 -2.030278224477580107e+00
9.849849849849849903e+00 -2.045141741075258146e+00
9.879879879879879923e+00 -2.059669839968378824e+00
9.909909909909909942e+00 -2.073860013134644298e+00
9.939939939939939961e+00 -2.087709793475437614e+00
9.969969969969969981e+00 -2.101216754815825372e+00
1.000000000000000000e+01 -2.114378511904554170e+00
1.003003003003003002e+01 -2.127195409149186034e+00
1.006006006006006004e+01 -2.139668929396422836e+00
1.009009009009009006e+01 -2.151796587533893135e+00
1.012012012012012008e+01 -2.163575936836189761e+00
1.015015015015015010e+01 -2.175004604727034163e+00
1.018018018018018012e+01 -2.186080292779275513e+00
1.021021021021021014e+01 -2.196800776714892045e+00
1.024024024024024015e+01 -2.207163906404990161e+00
1.027027027027027017e+01 -2.217167605869804436e+00
1.030030030030030019e+01 -2.226809873278698060e+00
1.033033033033033021e+01 -2.236088780950161947e+00
1.036036036036036023e+01 -2.245002475351816074e+00
1.039039039039039025e+01 -2.253549177100409029e+00
1.042042042042042027e+01 -2.261727180961816686e+00
1.045045045045045029e+01 -2.269534855851043975e+00
1.048048048048048031e+01 -2.276970644832224000e+00
1.051051051051051033e+01 -2.284033065118618921e+00
1.054054054054054035e+01 -2.290720708072617740e+00
1.057057057057057037e+01 -2.297032239205739401e+00
1.060060060060060039e+01 -2.302966398178630136e+00
1.063063063063063041e+01 -2.308521998801064790e+00
1.066066066066066043e+01 -2.313697929031947265e+00
1.069069069069069045e+01 -2.318493150979309192e+00
1.072072072072072046e+01 -2.322906700900309929e+00
1.075075075075075048e+01 -2.326937689201238335e+00
1.078078078078078050e+01 -2.330585300437511442e+00
1.081081081081081052e+01 -2.333848793313674008e+00
1.084084084084084054e+01 -2.336727500683399406e+00
1.087087087087087056e+01 -2.339220829549490066e+00
1.090090090090090058e+01 -2.341328261063875260e+00
1.093093093093093060e+01 -2.343049350527614205e+00
1.096096096096096062e+01 -2.344383727390893846e+00
1.099099099099099064e+01 -2.345331095253029741e+00
1.102102102102102066e+01 -2.345891231862464288e+00
1.105105105105105068e+01 -2.346063989116770720e+00
1.108108108108108070e+01 -2.345849293062649110e+00
1.111111111111111072e+01 -2.345247143895927699e+00
1.114114114114114074e+01 -2.344257615961564234e+00
1.117117117117117076e+01 -2.342880857753643298e+00
1.120120120120120077e+01 -2.341117091915379422e+00
1.123123123123123079e+01 -2.338966615239114866e+00
1.126126126126126081e+01 -2.336429798666319169e+00
1.129129129129129083e+01 -2.333507087287591819e+00
1.132132132132132085e+01 -2.330199000342660476e+00
1.135135135135135087e+01 -2.326506131220379636e+00
1.138138138138138089e+01 -2.322429147458734633e+00
1.141141141141141091e+01 -2.317968790744836305e+00
1.144144144144144093e+01 -2.313125876914926327e+00
1.147147147147147095e+01 -2.307901295954373211e+00
1.150150150150150097e+01 -2.302296011997674530e+00
1.153153153153153099e+01 -2.296311063328455582e+00
1.156156156156156101e+01 -2.289947562379471169e+00
1.159159159159159103e+01 -2.283206695732603819e+00
1.162162162162162105e+01 -2.276089724118863344e+00
1.165165165165165106e+01 -2.268597982418389947e+00
1.168168168168168108e+01 -2.260732879660450223e+00
1.171171171171171110e+01 -2.252495899023440717e+00
1.174174174174174112e+01 -2.243888597834885701e+00
1.177177177177177114e+01 -2.234912607571437171e+00
1.180180180180180116e+01 -2.225569633858876628e+00
1.183183183183183118e+01 -2.215861456472113300e+00
1.186186186186186120e+01 -2.205789929335185029e+00
1.189189189189189122e+01 -2.195356980521257384e+00
1.192192192192192124e+01 -2.184564612252624549e+00
1.195195195195195126e+01 -2.173414900900710212e+00
1.198198198198198128e+01 -2.161909996986064897e+00
1.201201201201201130e+01 -2.150052125178368190e+00
1.204204204204204132e+01 -2.137843584296427846e+00
1.207207207207207134e+01 -2.125286747308179791e+00
1.210210210210210136e+01 -2.112384061330689011e+00
1.213213213213213137e+01 -2.099138047630148662e+00
1.216216216216216139e+01 -2.085551301621879183e+00
1.219219219219219141e+01 -2.071626492870330516e+00
1.222222222222222143e+01 -2.057366365089080773e+00
1.225225225225225145e+01 -2.042773736140836682e+00
1.228228228228228147e+01 -2.027851498037431810e+00
1.231231231231231149e+01 -2.012602451580693064e+00
1.234234234234234151e+01 -1.997025713163772087e+00
1.237237237237237153e+01 -1.981122348502994956e+00
1.240240240240240155e+01 -1.964895001909723105e+00
1.243243243243243157e+01 -1.948346359182254739e+00
1.246246246246246159e+01 -1.931479147605825286e+00
1.249249249249249161e+01 -1.914296135952606948e+00
1.252252252252252163e+01 -1.896800134481708922e+00
1.255255255255255165e+01 -1.878993994939177181e+00
1.258258258258258167e+01 -1.860880610557994252e+00
1.261261261261261168e+01 -1.842462916058080546e+00
1.264264264264264170e+01 -1.823743887646292583e+00
1.267267267267267172e+01 -1.804726543016423879e+00
1.270270270270270174e+01 -1.785413941349205169e+00
1.273273273273273176e+01 -1.765809183312303743e+00
1.276276276276276178e+01 -1.745915411060324107e+00
1.279279279279279180e+01 -1.725735808234807322e+00
1.282282282282282360e+01 -1.705273599964230780e+00
1.285285285285285362e+01 -1.684532052864011309e+00
1.288288288288288364e+01 -1.663514475036500517e+00
1.291291291291291365e+01 -1.642224216070986786e+00
1.294294294294294367e+01 -1.620664667043695939e+00
1.297297297297297369e+01 -1.598839260517790795e+00
1.300300300300300371e+01 -1.576751470543370726e+00
1.303303303303303373e+01 -1.554404812657472768e+00
1.306306306306306375e+01 -1.531802843884070287e+00
1.309309309309309377e+01 -1.508949162734073202e+00
1.312312312312312379e+01 -1.485847409205328873e+00
1.315315315315315381e+01 -1.462501264782621657e+00
1.318318318318318383e+01 -1.438914452437672686e+00
1.321321321321321385e+01 -1.415090736629139645e+00
1.324324324324324387e+01 -1.391033923302617659e+00
1.327327327327327389e+01 -1.366747859890638406e+00
1.330330330330330391e+01 -1.342236435312670562e+00
1.333333333333333393e+01 -1.317503579975119798e+00
1.336336336336336394e+01 -1.292553265771328785e+00
1.339339339339339396e+01 -1.267389506081576522e+00
1.342342342342342398e+01 -1.242016355773079450e+00
1.345345345345345400e+01 -1.216437911199991229e+00
1.348348348348348402e+01 -1.190658310203401626e+00
1.351351351351351404e+01 -1.164681732111337631e+00
1.354354354354354406e+01 -1.138512397738763449e+00
1.357357357357357408e+01 -1.112154569387579617e+00
1.360360360360360410e+01 -1.085612550846624114e+00
1.363363363363363412e+01 -1.058890687391671914e+00
1.366366366366366414e+01 -1.031993365785434325e+00
1.369369369369369416e+01 -1.004925014277559647e+00
1.372372372372372418e+01 -9.776901026046331822e-01
1.375375375375375420e+01 -9.502931419901776700e-01
1.378378378378378422e+01 -9.227386851446524041e-01
1.381381381381381424e+01 -8.950313262654527868e-01
1.384384384384384425e+01 -8.671757010369127716e-01
1.387387387387387427e+01 -8.391764866303017545e-01
1.390390390390390429e+01 -8.110384017038261284e-01
1.393393393393393431e+01 -7.827662064026303934e-01
1.396396396396396433e+01 -7.543647023587956024e-01
1.399399399399399435e+01 -7.258387326913382509e-01
1.402402402402402437e+01 -6.971931820062131635e-01
1.405405405405405439e+01 -6.684329763963117177e-01
1.408408408408408441e+01 -6.395630834414629540e-01
1.411411411411411443e+01 -6.105885122084306893e-01
1.414414414414414445e+01 -5.815143132509179580e-01
1.417417417417417447e+01 -5.523455786095639031e-01
1.420420420420420449e+01 -5.230874418119437763e-01
1.423423423423423451e+01 -4.937450778725704925e-01
1.426426426426426453e+01 -4.643237032928946295e-01
1.429429429429429455e+01 -4.348285760613017636e-01
1.432432432432432456e+01 -4.052649956531158004e-01
1.435435435435435458e+01 -3.756383030305978643e-01
1.438438438438438460e+01 -3.459538806429440783e-01
1.441441441441441462e+01 -3.162171524262897826e-01
1.444444444444444464e+01 -2.864335838037055382e-01
1.447447447447447466e+01 -2.566068923445015137e-01
1.450450450450450468e+01 -2.267349492715847459e-01
1.453453453453453470e+01 -1.968222961278209004e-01
1.456456456456456472e+01 -1.668743067511213318e-01
1.459459459459459474e+01 -1.368963306792576051e-01
1.462462462462462476e+01 -1.068936931498614684e-01
1.465465465465465478e+01 -7.687169510042499154e-02
1.468468468468468480e+01 -4.683561316830037180e-02
1.471471471471471482e+01 -1.679069969070018375e-02
1.474474474474474484e+01 1.325781729530300934e-02
1.477477477477477485e+01 4.330473405277623922e-02
1.480480480480480487e+01 7.334487114492627136e-02
1.483483483483483489e+01 1.033730734350997160e-01
1.486486486486486491e+01 1.333842100867831393e-01
1.489489489489489493e+01 1.633731745636026744e-01
1.492492492492492495e+01 1.933348846293241330e-01
1.495495495495495497e+01 2.232642823478533378e-01
1.498498498498498499e+01 2.531563340832356790e-01
1.501501501501501501e+01 2.830060304996566689e-01
1.504504504504504503e+01 3.128083865614410541e-01
1.507507507507507505e+01 3.425584415330539256e-01
1.510510510510510507e+01 3.722512589790996085e-01
1.513513513513513509e+01 4.018819267643225501e-01
1.516516516516516511e+01 4.314455570536072093e-01
1.519519519519519513e+01 4.609372863119768349e-01
1.522522522522522515e+01 4.903522753045956861e-01
1.525525525525525516e+01 5.196857090967671455e-01
1.528528528528528518e+01 5.489327970539342738e-01
1.531531531531531520e+01 5.780887728416801430e-01
1.534534534534534522e+01 6.071488944257275033e-01
1.537537537537537524e+01 6.361084440719387834e-01
1.540540540540540526e+01 6.649627283463168670e-01
1.543543543543543528e+01 6.937070781150032062e-01
1.546546546546546530e+01 7.223368485442799303e-01
1.549549549549549532e+01 7.508474191005687359e-01
1.552552552552552534e+01 7.792341935504309980e-01
1.555555555555555536e+01 8.074925999605682136e-01
1.558558558558558538e+01 8.356180906978207812e-01
1.561561561561561540e+01 8.636061424291698874e-01
1.564564564564564542e+01 8.914522561217361751e-01
1.567567567567567544e+01 9.191519570427790775e-01
1.570570570570570545e+01 9.467007947596999262e-01
1.573573573573573547e+01 9.740943431400375108e-01
1.576576576576576549e+01 1.001328200351471853e+00
1.579579579579579551e+01 1.028397988861822654e+00
1.582582582582582553e+01 1.055299355439048847e+00
1.585585585585585555e+01 1.082027971151249490e+00
1.588588588588588557e+01 1.108579531366662208e+00
1.591591591591591559e+01 1.134949755753667411e+00
1.594594594594594561e+01 1.161134388280782082e+00
1.597597597597597563e+01 1.187129197216664211e+00
1.600600600600600742e+01 1.212929975130113691e+00
1.603603603603603744e+01 1.238532538890064982e+00
1.606606606606606746e+01 1.263932729665596888e+00
1.609609609609609748e+01 1.289126412925925891e+00
1.612612612612612750e+01 1.314109478440410372e+00
1.615615615615615752e+01 1.338877840278545284e+00
1.618618618618618754e+01 1.363427436809968363e+00
1.621621621621621756e+01 1.387754230704455694e+00
1.624624624624624758e+01 1.411854208931922372e+00
1.627627627627627760e+01 1.435723382762425393e+00
1.630630630630630762e+01 1.459357787766159209e+00
1.633633633633633764e+01 1.482753483813459949e+00
1.636636636636636766e+01 1.505906555074802755e+00
1.639639639639639768e+01 1.528813110020801780e+00
1.642642642642642770e+01 1.551469281422212410e+00
1.645645645645645772e+01 1.573871226349928820e+00
1.648648648648648773e+01 1.596015126174984644e+00
1.651651651651651775e+01 1.617897186568554524e+00
1.654654654654654777e+01 1.639513637501951893e+00
1.657657657657657779e+01 1.660860733246630749e+00
1.660660660660660781e+01 1.681934752374183883e+00
1.663663663663663783e+01 1.702731997756344207e+00
1.666666666666666785e+01 1.723248796564985641e+00
1.669669669669669787e+01 1.743481500272119566e+00
1.672672672672672789e+01 1.763426484649899040e+00
1.675675675675675791e+01 1.783080149770615241e+00
1.678678678678678793e+01 1.802438920006701695e+00
1.681681681681681795e+01 1.821500551945564705e+00
1.684684684684684797e+01 1.840268145547297562e+00
1.687687687687687799e+01 1.858739039119378100e+00
1.690690690690690801e+01 1.876909698970172125e+00
1.693693693693693803e+01 1.894776662971507486e+00
1.696696696696696804e+01 1.912336540558675413e+00
1.699699699699699806e+01 1.929586012730429845e+00
1.702702702702702808e+01 1.946521832048987877e+00
1.705705705705705810e+01 1.963140822640029315e+00
1.708708708708708812e+01 1.979439880192696899e+00
1.711711711711711814e+01 1.995415971959596302e+00
1.714714714714714816e+01 2.011066136756796130e+00
1.717717717717717818e+01 2.026387484963827479e+00
1.720720720720720820e+01 2.041377198523684822e+00
1.723723723723723822e+01 2.056032530942825343e+00
1.726726726726726824e+01 2.070350807291169826e+00
1.729729729729729826e+01 2.084329424202100434e+00
1.732732732732732828e+01 2.097965849872463373e+00
1.735735735735735830e+01 2.111257624062568006e+00
1.738738738738738832e+01 2.124202358096185073e+00
1.741741741741741833e+01 2.136797734860550246e+00
1.744744744744744835e+01 2.149041508806360579e+00
1.747747747747747837e+01 2.160931505947776277e+00
1.750750750750750839e+01 2.172465623862421147e+00
1.753753753753753841e+01 2.183641831691380819e+00
1.756756756756756843e+01 2.194458170139204967e+00
1.759759759759759845e+01 2.204912751473905530e+00
1.762762762762762847e+01 2.215003759526957161e+00
1.765765765765765849e+01 2.224729449693298555e+00
1.768768768768768851e+01 2.234088148931329343e+00
1.771771771771771853e+01 2.243078255762913642e+00
1.774774774774774855e+01 2.251698240273377838e+00
1.777777777777777857e+01 2.259946644111511471e+00
1.780780780780780859e+01 2.267822080489567238e+00
1.783783783783783861e+01 2.275323234183259657e+00
1.786786786786786863e+01 2.282448861531767736e+00
1.789789789789789864e+01 2.289197790437731861e+00
1.792792792792792866e+01 2.295568920367256016e+00
1.795795795795795868e+01 2.301561222349906899e+00
1.798798798798798870e+01 2.307173738978714805e+00
1.801801801801801872e+01 2.312405584410171855e+00
1.804804804804804874e+01 2.317255944364233766e+00
1.807807807807807876e+01 2.321724076124319414e+00
1.810810810810810878e+01 2.325809308537309050e+00
1.813813813813813880e+01 2.329511042013548305e+00
1.816816816816816882e+01 2.332828748526842855e+00
1.819819819819819884e+01 2.335761971614464194e+00
1.822822822822822886e+01 2.338310326377143866e+00
1.825825825825825888e+01 2.340473499479078789e+00
1.828828828828828890e+01 2.342251249147926817e+00
1.831831831831831892e+01 2.343643405174810290e+00
1.834834834834834894e+01 2.344649868914313373e+00
1.837837837837837895e+01 2.345270613284483829e+00
1.840840840840840897e+01 2.345505682766831690e+00
1.843843843843843899e+01 2.345355193406330141e+00
1.846846846846846901e+01 2.344819332811415968e+00
1.849849849849849903e+01 2.343898360153986893e+00
1.852852852852852905e+01 2.342592606169406011e+00
1.855855855855855907e+01 2.340902473156497798e+00
1.858858858858858909e+01 2.338828434977550330e+00
1.861861861861861911e+01 2.336371037058313060e+00
1.864864864864864913e+01 2.333530896388000819e+00
1.867867867867867915e+01 2.330308701519289372e+00
1.870870870870870917e+01 2.326705212568318526e+00
1.873873873873873919e+01 2.322721261214690358e+00
1.876876876876876921e+01 2.318357750701469211e+00
1.879879879879879923e+01 2.313615655835184359e+00
1.882882882882882924e+01 2.308496022985825569e+00
1.885885885885885926e+01 2.302999970086847981e+00
1.888888888888888928e+01 2.297128686635166783e+00
1.891891891891891930e+01 2.290883433691163429e+00
1.894894894894894932e+01 2.284265543878678528e+00
1.897897897897897934e+01 2.277276421385018956e+00
1.900900900900900936e+01 2.269917541960952079e+00
1.903903903903903938e+01 2.262190452920710193e+00
1.906906906906906940e+01 2.254096467751394606e+00
1.909909909909909942e+01 2.245635655281472243e+00
1.912912912912912944e+01 2.236809115854910601e+00
1.915915915915915946e+01 2.227618170149072707e+00
1.918918918918918948e+01 2.218064194649405518e+00
1.921921921921921950e+01 2.208148621649439480e+00
1.924924924924924952e+01 2.197872939250787638e+00
1.927927927927927954e+01 2.187238691363146970e+00
1.930930930930930955e+01 2.176247477704297051e+00
1.933933933933933957e+01 2.164900953800100947e+00
1.936936936936936959e+01 2.153200830984505210e+00
1.939939939939939961e+01 2.141148876399538992e+00
1.942942942942942963e+01 2.128746912995316265e+00
1.945945945945945965e+01 2.115996819530031825e+00
1.948948948948948967e+01 2.102900530569965731e+00
1.951951951951951969e+01 2.089460036489480643e+00
1.954954954954954971e+01 2.075677383471022264e+00
1.957957957957957973e+01 2.061554673505119339e+00
1.960960960960960975e+01 2.047094064390384993e+00
1.963963963963963977e+01 2.032297769733514059e+00
1.966966966966966979e+01 2.017168058949285747e+00
1.969969969969969981e+01 2.001707257260561867e+00
1.972972972972972983e+01 1.985917745698288384e+00
1.975975975975975985e+01 1.969801961101493193e+00
1.978978978978978986e+01 1.953362396117288569e+00
1.981981981981981988e+01 1.936601599200869384e+00
1.984984984984984990e+01 1.919522174615514221e+00
1.987987987987987992e+01 1.902126782432584040e+00
1.990990990990990994e+01 1.884418138531524622e+00
1.993993993993993996e+01 1.866399014599863238e+00
1.996996996996996998e+01 1.848072238133211531e+00
2.000000000000000000e+01 1.829440692435264193e+00
2.003003003003003002e+01 1.810507316617798956e+00
2.006006006006006004e+01 1.791275105600676598e+00
2.009009009009009006e+01 1.771747110111841828e+00
2.012012012012012008e+01 1.751926436687322175e+00
2.015015015015015010e+01 1.731816247671228215e+00
2.018018018018018012e+01 1.711419761215754232e+00
2.021021021021021014e+01 1.690740251281177553e+00
2.024024024024024015e+01 1.669781047635858773e+00
2.027027027027027017e+01 1.648545535856241306e+00
2.030030030030030019e+01 1.627037157326852501e+00
2.033033033033033021e+01 1.605259409240302748e+00
2.036036036036036023e+01 1.583215844597285482e+00
2.039039039039039025e+01 1.560910072206577626e+00
2.042042042042042027e+01 1.538345756685038923e+00
2.045045045045045029e+01 1.515526618457613051e+00
2.048048048048048031e+01 1.492456433757326728e+00
2.051051051051051033e+01 1.469139034625288831e+00
2.054054054054054035e+01 1.445578308910693277e+00
2.057057057057057037e+01 1.421778200270816139e+00
2.060060060060060039e+01 1.397742708171016979e+00
2.063063063063063041e+01 1.373475887884738400e+00
2.066066066066066043e+01 1.348981850493506496e+00
2.069069069069069045e+01 1.324264762886930402e+00
2.072072072072072046e+01 1.299328847762703187e+00
2.075075075075075048e+01 1.274178383626600297e+00
2.078078078078078050e+01 1.248817704792480887e+00
2.081081081081081052e+01 1.223251201382286713e+00
2.084084084084084054e+01 1.197483319326043905e+00
2.087087087087087056e+01 1.171518560361861194e+00
2.090090090090090058e+01 1.145361482035930800e+00
2.093093093093093060e+01 1.119016697702526875e+00
2.096096096096096062e+01 1.092488876524009278e+00
2.099099099099099064e+01 1.065782743470819138e+00
2.102102102102102066e+01 1.038903079321481515e+00
2.105105105105105068e+01 1.011854720662604512e+00
2.108108108108108070e+01 9.846425598888799424e-01
2.111111111111111072e+01 9.572715452030828853e-01
2.114114114114114074e+01 9.297466806160705755e-01
2.117117117117117076e+01 9.020730259467846235e-01
2.120120120120120077e+01 8.742556968222499059e-01
2.123123123123123079e+01 8.462998646775734546e-01
2.126126126126126081e+01 8.182107567559471217e-01
2.129129129129129083e+01 7.899936561086440268e-01
2.132132132132132085e+01 7.616539015950229974e-01
2.135135135135135087e+01 7.331920186248692684e-01
2.138138138138138089e+01 7.046072199082874521e-01
2.141141141141141091e+01 6.759045754292152264e-01
2.144144144144144093e+01 6.470891622793866205e-01
2.147147147147147095e+01 6.181660488215203753e-01
2.150150150150150097e+01 5.891402946893199433e-01
2.153153153153153099e+01 5.600169507874728225e-01
2.156156156156156101e+01 5.308010592916521109e-01
2.159159159159159103e+01 5.014976536485147296e-01
2.162162162162162105e+01 4.721117585757024226e-01
2.165165165165165106e+01 4.426483900618417566e-01
2.168168168168168108e+01 4.131125553665436212e-01
2.171171171171171110e+01 3.835092530204037842e-01
2.174174174174174112e+01 3.538434728250024475e-01
2.177177177177177114e+01 3.241201958529045246e-01
2.180180180180180116e+01 2.943443944476595298e-01
2.183183183183183118e+01 2.645210322238016332e-01
2.186186186186186120e+01 2.346550640668494392e-01
2.189189189189189122e+01 2.047514361333064858e-01
2.192192192192192124e+01 1.748150858506606342e-01
2.195195195195195126e+01 1.448509419173843460e-01
2.198198198198198128e+01 1.148639243029354606e-01
2.201201201201201130e+01 8.485894424775519695e-02
2.204204204204204132e+01 5.484090426327004053e-02
2.207207207207207134e+01 2.481469813189152163e-02
2.210210210210210136e+01 -5.214789092985339103e-03
2.213213213213213137e+01 -3.524268108697969915e-02
2.216216216216216139e+01 -6.526411025472667049e-02
2.219219219219219141e+01 -9.527421772987676452e-02
2.222222222222222143e+01 -1.252681533750962251e-01
2.225225225225225145e+01 -1.552410757820654741e-01
2.228228228228228147e+01 -1.851881522714817763e-01
2.231231231231231149e+01 -2.151045588930566854e-01
2.234234234234234151e+01 -2.449854804255178209e-01
2.237237237237237153e+01 -2.748261103766080904e-01
2.240240240240240155e+01 -3.046216509830848018e-01
2.243243243243243157e+01 -3.343673132107223278e-01
2.246246246246246159e+01 -3.640583167543094412e-01
2.249249249249249161e+01 -3.936898900376495369e-01
2.252252252252252163e+01 -4.232572702135630749e-01
2.255255255255255165e+01 -4.527557031638855811e-01
2.258258258258258167e+01 -4.821804434994660937e-01
2.261261261261261168e+01 -5.115267545601713817e-01
2.264264264264264170e+01 -5.407899084148823921e-01
2.267267267267267172e+01 -5.699651858614955824e-01
2.270270270270270174e+01 -5.990478764269231426e-01
2.273273273273273176e+01 -6.280332783670916630e-01
2.276276276276276178e+01 -6.569166986669447983e-01
2.279279279279279180e+01 -6.856934530404399375e-01
2.282282282282282182e+01 -7.143588659305506461e-01
2.285285285285285184e+01 -7.429082705092662220e-01
2.288288288288288186e+01 -7.713370086775905854e-01
2.291291291291291188e+01 -7.996404310655427228e-01
2.294294294294294190e+01 -8.278138970321589074e-01
2.297297297297297192e+01 -8.558527746654884805e-01
2.300300300300300194e+01 -8.837524407825974038e-01
2.303303303303303196e+01 -9.115082809295671495e-01
2.306306306306306197e+01 -9.391156893814938122e-01
2.309309309309309199e+01 -9.665700691424896629e-01
2.312312312312312201e+01 -9.938668319456811506e-01
2.315315315315315203e+01 -1.021001398253212455e+00
2.318318318318318205e+01 -1.047969197256240159e+00
2.321321321321321207e+01 -1.074765666874938130e+00
2.324324324324324209e+01 -1.101386253758495526e+00
2.327327327327327211e+01 -1.127826413285116347e+00
2.330330330330330213e+01 -1.154081609562019439e+00
2.333333333333333215e+01 -1.180147315425441379e+00
2.336336336336336217e+01 -1.206019012440630922e+00
2.339339339339339219e+01 -1.231692190901854111e+00
2.342342342342342221e+01 -1.257162349832392279e+00
2.345345345345345223e+01 -1.282424996984542043e+00
2.348348348348348225e+01 -1.307475648839615312e+00
2.351351351351351227e+01 -1.332309830607939061e+00
2.354354354354354228e+01 -1.356923076228855995e+00
2.357357357357357230e+01 -1.381310928370723223e+00
2.360360360360360232e+01 -1.405468938430915360e+00
2.363363363363363234e+01 -1.429392666535820977e+00
2.366366366366366236e+01 -1.453079604889460086e+00
2.369369369369369238e+01 -1.476532696703284575e+00
2.372372372372372240e+01 -1.499748285767639855e+00
2.375375375375375242e+01 -1.522722057139181517e+00
2.378378378378378244e+01 -1.545449761146662437e+00
2.381381381381381246e+01 -1.567927213390931440e+00
2.384384384384384248e+01 -1.590150294744933523e+00
2.387387387387387250e+01 -1.612114951353711190e+00
2.390390390390390252e+01 -1.633817194634402448e+00
2.393393393393393254e+01 -1.655253101276242589e+00
2.396396396396396256e+01 -1.676418813240562411e+00
2.399399399399399258e+01 -1.697310537760790217e+00
2.402402402402402259e+01 -1.717924547342450037e+00
2.405405405405405261e+01 -1.738257179763162963e+00
2.408408408408408263e+01 -1.758304838072646259e+00
2.411411411411411265e+01 -1.778063990592713584e+00
2.414414414414414267e+01 -1.797531170917275434e+00
2.417417417417417269e+01 -1.816702977912338479e+00
2.420420420420420271e+01 -1.835576075716006228e+00
2.423423423423423273e+01 -1.854147193738478139e+00
2.426426426426426275e+01 -1.872413126662050509e+00
2.429429429429429277e+01 -1.890370734441116252e+00
2.432432432432432279e+01 -1.908016942302164454e+00
2.435435435435435281e+01 -1.925348740743781040e+00
2.438438438438438283e+01 -1.942363185536647663e+00
2.441441441441441285e+01 -1.959057397723543925e+00
2.444444444444444287e+01 -1.975428563619344047e+00
2.447447447447447288e+01 -1.991473934811020419e+00
2.450450450450450290e+01 -2.007190828157640716e+00
2.453453453453453292e+01 -2.022576625790370564e+00
2.456456456456456294e+01 -2.037628775112469537e+00
2.459459459459459296e+01 -2.052344788799296271e+00
2.462462462462462298e+01 -2.066722244798304686e+00
2.465465465465465300e+01 -2.080758786329045762e+00
2.468468468468468302e+01 -2.094452121883165319e+00
2.471471471471471304e+01 -2.107800025224408458e+00
2.474474474474474306e+01 -2.120800335388614677e+00
2.477477477477477308e+01 -2.133450956683720534e+00
2.480480480480480310e+01 -2.145749858689758760e+00
2.483483483483483312e+01 -2.157695076258859146e+00
2.486486486486486314e+01 -2.169284709515247656e+00
2.489489489489489316e+01 -2.180516923855246869e+00
2.492492492492492318e+01 -2.191389949947275539e+00
2.495495495495495319e+01 -2.201902083731849924e+00
2.498498498498498321e+01 -2.212051686421580676e+00
2.501501501501501323e+01 -2.221837184501177731e+00
2.504504504504504325e+01 -2.231257069727444975e+00
2.507507507507507327e+01 -2.240309899129284243e+00
2.510510510510510329e+01 -2.248994295007693545e+00
2.513513513513513331e+01 -2.257308944935767059e+00
2.516516516516516333e+01 -2.265252601758695583e+00
2.519519519519519335e+01 -2.272824083593767419e+00
2.522522522522522337e+01 -2.280022273830365265e+00
2.525525525525525339e+01 -2.286846121129969767e+00
2.528528528528528341e+01 -2.293294639426158188e+00
2.531531531531531343e+01 -2.299366907924603520e+00
2.534534534534534345e+01 -2.305062071103076260e+00
2.537537537537537347e+01 -2.310379338711441743e+00
2.540540540540540349e+01 -2.315317985771663700e+00
2.543543543543543350e+01 -2.319877352577800256e+00
2.546546546546546352e+01 -2.324056844696008817e+00
2.549549549549549354e+01 -2.327855932964539853e+00
2.552552552552552356e+01 -2.331274153493743562e+00
2.555555555555555358e+01 -2.334311107666064977e+00
2.558558558558558360e+01 -2.336966462136044864e+00
2.561561561561561362e+01 -2.339239948830322380e+00
2.564564564564564719e+01 -2.341131364947631965e+00
2.567567567567567721e+01 -2.342640572958805123e+00
2.570570570570570723e+01 -2.343767500606769083e+00
2.573573573573573725e+01 -2.344512140906547693e+00
2.576576576576576727e+01 -2.344874552145262747e+00
2.579579579579579729e+01 -2.344854857882130439e+00
2.582582582582582731e+01 -2.344453246948464908e+00
2.585585585585585733e+01 -2.343670251387972581e+00
2.588588588588588735e+01 -2.342507092968078908e+00
2.591591591591591737e+01 -2.340963807464569335e+00
2.594594594594594739e+01 -2.339040369705662314e+00
2.597597597597597741e+01 -2.336736820708216644e+00
2.600600600600600742e+01 -2.334053267677732801e+00
2.603603603603603744e+01 -2.330989884008352053e+00
2.606606606606606746e+01 -2.327546909282857346e+00
2.609609609609609748e+01 -2.323724649272672860e+00
2.612612612612612750e+01 -2.319523475937862678e+00
2.615615615615615752e+01 -2.314943827427133449e+00
2.618618618618618754e+01 -2.309986208077832615e+00
2.621621621621621756e+01 -2.304651188415948404e+00
2.624624624624624758e+01 -2.298939405156109839e+00
2.627627627627627760e+01 -2.292851561201588950e+00
2.630630630630630762e+01 -2.286388425644296341e+00
2.633633633633633764e+01 -2.279550833764786066e+00
2.636636636636636766e+01 -2.272339687032251643e+00
2.639639639639639768e+01 -2.264755953104529151e+00
2.642642642642642770e+01 -2.256800665828094576e+00
2.645645645645645772e+01 -2.248474925238066024e+00
2.648648648648648773e+01 -2.239779897558201949e+00
2.651651651651651775e+01 -2.230716815200902925e+00
2.654654654654654777e+01 -2.221286976767209431e+00
2.657657657657657779e+01 -2.211491747046804068e+00
2.660660660660660781e+01 -2.201332557018010672e+00
2.663663663663663783e+01 -2.190810903847793867e+00
2.666666666666666785e+01 -2.179928350891759070e+00
2.669669669669669787e+01 -2.168686527694153376e+00
2.672672672672672789e+01 -2.157087129987865115e+00
2.675675675675675791e+01 -2.145131919694423406e+00
2.678678678678678793e+01 -2.132822724923998603e+00
2.681681681681681795e+01 -2.120161439975402295e+00
2.684684684684684797e+01 -2.107150025336087751e+00
2.687687687687687799e+01 -2.093790507682148583e+00
2.690690690690690801e+01 -2.080084979878319640e+00
2.693693693693693803e+01 -2.066035600977977449e+00
2.696696696696696804e+01 -2.051644596223138883e+00
2.699699699699699806e+01 -2.036914257044463383e+00
2.702702702702702808e+01 -2.021846941061250291e+00
2.705705705705705810e+01 -2.006445072081439740e+00
2.708708708708708812e+01 -1.990711140101615095e+00
2.711711711711711814e+01 -1.974647701306998515e+00
2.714714714714714816e+01 -1.958257378071454724e+00
2.717717717717717818e+01 -1.941542858957489237e+00
2.720720720720720820e+01 -1.924506898716248360e+00
2.723723723723723822e+01 -1.907152318287520520e+00
2.726726726726726824e+01 -1.889482004799734272e+00
2.729729729729729826e+01 -1.871498911569959844e+00
2.732732732732732828e+01 -1.853206058103908704e+00
2.735735735735735830e+01 -1.834606530095932664e+00
2.738738738738738832e+01 -1.815703479429026324e+00
2.741741741741741833e+01 -1.796500124174823743e+00
2.744744744744744835e+01 -1.776999748593600881e+00
2.747747747747747837e+01 -1.757205703134275154e+00
2.750750750750750839e+01 -1.737121404434404770e+00
2.753753753753753841e+01 -1.716750335320188725e+00
2.756756756756756843e+01 -1.696096044806467695e+00
2.759759759759759845e+01 -1.675162148096724035e+00
2.762762762762762847e+01 -1.653952326583079557e+00
2.765765765765765849e+01 -1.632470327846299529e+00
2.768768768768768851e+01 -1.610719965655788011e+00
2.771771771771771853e+01 -1.588705119969592072e+00
2.774774774774774855e+01 -1.566429736934398687e+00
2.777777777777777857e+01 -1.543897828885536949e+00
2.780780780780780859e+01 -1.521113474346976524e+00
2.783783783783783861e+01 -1.498080818031328754e+00
2.786786786786786863e+01 -1.474804070839844883e+00
2.789789789789789864e+01 -1.451287509862419167e+00
2.792792792792792866e+01 -1.427535478377585321e+00
2.795795795795795868e+01 -1.403552385852519402e+00
2.798798798798798870e+01 -1.379342707943038260e+00
2.801801801801801872e+01 -1.354910986493599534e+00
2.804804804804804874e+01 -1.330261829537302321e+00
2.807807807807807876e+01 -1.305399911295886950e+00
2.810810810810810878e+01 -1.280329972179734987e+00
2.813813813813813880e+01 -1.255056818787869011e+00
2.816816816816816882e+01 -1.229585323907952388e+00
2.819819819819819884e+01 -1.203917491180332533e+00
2.822822822822822886e+01 -1.178051331554174075e+00
2.825825825825825888e+01 -1.151991062134890775e+00
2.828828828828828890e+01 -1.125741167796623143e+00
2.831831831831831892e+01 -1.099306144512479211e+00
2.834834834834834894e+01 -1.072690499354535199e+00
2.837837837837837895e+01 -1.045898750493834850e+00
2.840840840840840897e+01 -1.018935427200389876e+00
2.843843843843843899e+01 -9.918050698431797318e-01
2.846846846846846901e+01 -9.645122298901516178e-01
2.849849849849849903e+01 -9.370614699082209231e-01
2.852852852852852905e+01 -9.094573635632705599e-01
2.855855855855855907e+01 -8.817044956201514072e-01
2.858858858858858909e+01 -8.538074619426818668e-01
2.861861861861861911e+01 -8.257708694936487515e-01
2.864864864864864913e+01 -7.975993363348061749e-01
2.867867867867867915e+01 -7.692974916268764396e-01
2.870870870870870917e+01 -7.408699756295495931e-01
2.873873873873873919e+01 -7.123214397014829835e-01
2.876876876876876921e+01 -6.836565463003031473e-01
2.879879879879879923e+01 -6.548799689826025894e-01
2.882882882882882924e+01 -6.259963924039432248e-01
2.885885885885885926e+01 -5.970105123188540475e-01
2.888888888888888928e+01 -5.679270355808321291e-01
2.891891891891891930e+01 -5.387506801423421754e-01
2.894894894894894932e+01 -5.094861750548167478e-01
2.897897897897897934e+01 -4.801382604686563749e-01
2.900900900900900936e+01 -4.507116876332295519e-01
2.903903903903903938e+01 -4.212112188968724080e-01
2.906906906906906940e+01 -3.916416277068888174e-01
2.909909909909909942e+01 -3.620076986095506211e-01
2.912912912912912944e+01 -3.323142272500972938e-01
2.915915915915915946e+01 -3.025660203727366104e-01
2.918918918918918948e+01 -2.727678958206435356e-01
2.921921921921921950e+01 -2.429246825359616668e-01
2.924924924924924952e+01 -2.130412205598011255e-01
2.927927927927927954e+01 -1.831223610322416651e-01
2.930930930930930955e+01 -1.531729661923295627e-01
2.933933933933933957e+01 -1.231979093780795065e-01
2.936936936936936959e+01 -9.320207502647304132e-02
2.939939939939939961e+01 -6.319035867346123325e-02
2.942942942942942963e+01 -3.316766695396133890e-02
2.945945945945945965e+01 -3.138917601859692041e-03
2.948948948948948967e+01 2.689096054999029484e-02
2.951951951951951969e+01 5.691702756976746436e-02
2.954954954954954971e+01 8.693433242668202610e-02
2.957957957957957973e+01 1.169379129909771109e-01
2.960960960960960975e+01 1.469227960339276606e-01
2.963963963963963977e+01 1.768839972278413164e-01
2.966966966966966979e+01 2.068165211460566422e-01
2.969969969969969981e+01 2.367153612629457893e-01
2.972972972972972983e+01 2.665754999539122760e-01
2.975975975975975985e+01 2.963919084953920979e-01
2.978978978978978986e+01 3.261595470648532835e-01
2.981981981981981988e+01 3.558733647407958944e-01
2.984984984984984990e+01 3.855282995027520254e-01
2.987987987987987992e+01 4.151192782312871365e-01
2.990990990990990994e+01 4.446412167079969446e-01
2.993993993993993996e+01 4.740890196155109759e-01
2.996996996996996998e+01 5.034575805374907898e-01
3.000000000000000000e+01 5.327417819586279801e-01
