0.000000000000000000e+00 0.000000000000000000e+00
3.003003003003002977e-02 3.002551838759524860e-02
6.006006006006005954e-02 6.002396121854249034e-02
9.009009009009008584e-02 8.996827488778141868e-02
1.201201201201201191e-01 1.198316441313984487e-01
1.501501501501501523e-01 1.495894480216261035e-01
1.801801801801801717e-01 1.792145174008775155e-01
2.102102102102102188e-01 2.086790214888380457e-01
2.402402402402402382e-01 2.379555202986839146e-01
2.702702702702702853e-01 2.670169646370822436e-01
3.003003003003003046e-01 2.958366961041908327e-01
3.303303303303303240e-01 3.243884470936583275e-01
3.603603603603603434e-01 3.526463407926245797e-01
3.903903903903903627e-01 3.805848911817196756e-01
4.204204204204204376e-01 4.081790030350649356e-01
4.504504504504504570e-01 4.354039719202723591e-01
4.804804804804804763e-01 4.622354841984447349e-01
5.105105105105105512e-01 4.886496170241761972e-01
5.405405405405405705e-01 5.146228383455507815e-01
5.705705705705705899e-01 5.401320069041440908e-01
6.006006006006006093e-01 5.651543722350224064e-01
6.306306306306306286e-01 5.896675746667425777e-01
6.606606606606606480e-01 6.136496453213526880e-01
6.906906906906906674e-01 6.370790061143912775e-01
7.207207207207206867e-01 6.599344697548880090e-01
7.507507507507507061e-01 6.821952397453631134e-01
7.807807807807807254e-01 7.038437989917574189e-01
8.108108108108108558e-01 7.248678126682313039e-01
8.408408408408408752e-01 7.452463261640591696e-01
8.708708708708708945e-01 7.649586247449889909e-01
9.009009009009009139e-01 7.839848741638659746e-01
9.309309309309309333e-01 8.023061206606324491e-01
9.609609609609609526e-01 8.199042909623279751e-01
9.909909909909909720e-01 8.367621922830893455e-01
1.021021021021021102e+00 8.528635123241503635e-01
1.051051051051051122e+00 8.681928192738422867e-01
1.081081081081081141e+00 8.827355618075931609e-01
1.111111111111111160e+00 8.964780690879287084e-01
1.141141141141141180e+00 9.094075507644714396e-01
1.171171171171171199e+00 9.215120969739410972e-01
1.201201201201201219e+00 9.327806783401548785e-01
1.231231231231231238e+00 9.432031459740268797e-01
1.261261261261261257e+00 9.527702314735685407e-01
1.291291291291291277e+00 9.614735469238884225e-01
1.321321321321321296e+00 9.693055848971923183e-01
1.351351351351351315e+00 9.762597184527830319e-01
1.381381381381381335e+00 9.823302011370607101e-01
1.411411411411411354e+00 9.875121669835226212e-01
1.441441441441441373e+00 9.918016305127632659e-01
1.471471471471471393e+00 9.951954867324744880e-01
1.501501501501501412e+00 9.976915111374449197e-01
1.531531531531531432e+00 9.992883597095606474e-01
1.561561561561561451e+00 9.999855689178049900e-01
1.591591591591591470e+00 9.997835557182581656e-01
1.621621621621621712e+00 9.986836175540978466e-01
1.651651651651651731e+00 9.966879323555988268e-01
1.681681681681681750e+00 9.937995585401329102e-01
1.711711711711711770e+00 9.900225014154313552e-01
1.741741741741741789e+00 9.853606984149800851e-01
1.771771771771771808e+00 9.798172390626803674e-01
1.801801801801801828e+00 9.733959239606559954e-01
1.831831831831831847e+00 9.661013599094016024e-01
1.861861861861861867e+00 9.579389599077833273e-01
1.891891891891891886e+00 9.489149431530380374e-01
1.921921921921921905e+00 9.390363350407741061e-01
1.951951951951951925e+00 9.283109671649705241e-01
1.981981981981981944e+00 9.167474773179778991e-01
2.012012012012012185e+00 9.043553094905175671e-01
2.042042042042042205e+00 8.911447138716822591e-01
2.072072072072072224e+00 8.771267468489357677e-01
2.102102102102102243e+00 8.623132710081129471e-01
2.132132132132132263e+00 8.467169551334196020e-01
2.162162162162162282e+00 8.303512742074328212e-01
2.192192192192192302e+00 8.132305094111009769e-01
2.222222222222222321e+00 7.953697481237432809e-01
2.252252252252252340e+00 7.767848839230502289e-01
2.282282282282282360e+00 7.574926165850830451e-01
2.312312312312312379e+00 7.375104520842747924e-01
2.342342342342342398e+00 7.168567025934290404e-01
2.372372372372372418e+00 6.955504864837207535e-01
2.402402402402402437e+00 6.736117283246958465e-01
2.432432432432432456e+00 6.510611588842714070e-01
2.462462462462462476e+00 6.279203151287358065e-01
2.492492492492492495e+00 6.042115402227482557e-01
2.522522522522522515e+00 5.799579835293391383e-01
2.552552552552552534e+00 5.551836006099104548e-01
2.582582582582582553e+00 5.299131532242344900e-01
2.612612612612612573e+00 5.041722093304550345e-01
2.642642642642642592e+00 4.779871430850870517e-01
2.672672672672672611e+00 4.513851348430166777e-01
2.702702702702702631e+00 4.243880745868175985e-01
2.732732732732732650e+00 3.970053335575122189e-01
2.762762762762762669e+00 3.692621047887907348e-01
2.792792792792792689e+00 3.411847531522303467e-01
2.822822822822822708e+00 3.127996561480502202e-01
2.852852852852852727e+00 2.841332039051112646e-01
2.882882882882882747e+00 2.552117991809161879e-01
2.912912912912912766e+00 2.260618573616094418e-01
2.942942942942942786e+00 1.967098064619772768e-01
2.972972972972972805e+00 1.671820871254479091e-01
3.003003003003002824e+00 1.375051526240909650e-01
3.033033033033032844e+00 1.077054688586181475e-01
3.063063063063062863e+00 7.780951435838290298e-02
3.093093093093092882e+00 4.784378028138047689e-02
3.123123123123122902e+00 1.783477041424780252e-02
3.153153153153152921e+00 -1.219099882773633237e-02
3.183183183183182940e+00 -4.220699840065134101e-02
3.213213213213213404e+00 -7.218668663193517077e-02
3.243243243243243423e+00 -1.021035092203831374e-01
3.273273273273273443e+00 -1.319308992361494237e-01
3.303303303303303462e+00 -1.616422771207464137e-01
3.333333333333333481e+00 -1.912110506870444704e-01
3.363363363363363501e+00 -2.206106151192724907e-01
3.393393393393393520e+00 -2.498143529730174617e-01
3.423423423423423539e+00 -2.787956341752241274e-01
3.453453453453453559e+00 -3.075278160241963210e-01
3.483483483483483578e+00 -3.359842431895950776e-01
3.513513513513513598e+00 -3.641382477124402994e-01
3.543543543543543617e+00 -3.919631490051103118e-01
3.573573573573573636e+00 -4.194322538513408638e-01
3.603603603603603656e+00 -4.465188564062265719e-01
3.633633633633633675e+00 -4.731962381962199204e-01
3.663663663663663694e+00 -4.994376862280026086e-01
3.693693693693693714e+00 -5.252294626787292753e-01
3.723723723723723733e+00 -5.505565604223214837e-01
3.753753753753753752e+00 -5.753936303985169864e-01
3.783783783783783772e+00 -5.997160917453689954e-01
3.813813813813813791e+00 -6.235001317992465708e-01
3.843843843843843811e+00 -6.467227060948342876e-01
3.873873873873873830e+00 -6.693615383651323469e-01
3.903903903903903849e+00 -6.913951205414564649e-01
3.933933933933933869e+00 -7.128027127534383167e-01
3.963963963963963888e+00 -7.335643433290250925e-01
3.993993993993993907e+00 -7.536608087944793866e-01
4.024024024024024371e+00 -7.730736738743799741e-01
4.054054054054054390e+00 -7.917852714916202572e-01
4.084084084084084409e+00 -8.097787027674103744e-01
4.114114114114114429e+00 -8.270378370212754238e-01
4.144144144144144448e+00 -8.435473117710566848e-01
4.174174174174174468e+00 -8.592925327329103968e-01
4.204204204204204487e+00 -8.742596738213090912e-01
4.234234234234234506e+00 -8.884356771490404814e-01
4.264264264264264526e+00 -9.018082530272081287e-01
4.294294294294294545e+00 -9.143658799652312208e-01
4.324324324324324564e+00 -9.260978046708443490e-01
4.354354354354354584e+00 -9.369940420500981748e-01
4.384384384384384603e+00 -9.470453752073586529e-01
4.414414414414414622e+00 -9.562433554453073636e-01
4.444444444444444642e+00 -9.645803022649419578e-01
4.474474474474474661e+00 -9.720493033655752679e-01
4.504504504504504681e+00 -9.786442146448357526e-01
4.534534534534534700e+00 -9.843596601986677186e-01
4.564564564564564719e+00 -9.891910323213310985e-01
4.594594594594594739e+00 -9.931356396420915056e-01
4.624624624624624758e+00 -9.961949381812689186e-01
4.654654654654654777e+00 -9.983650297429698117e-01
4.684684684684684797e+00 -9.996421178765676485e-01
4.714714714714714816e+00 -1.000023318579564835e+00
4.744744744744744835e+00 -9.995066602975939407e-01
4.774774774774774855e+00 -9.980910839244160337e-01
4.804804804804804874e+00 -9.957764428019224567e-01
4.834834834834834894e+00 -9.925635027201334948e-01
4.864864864864864913e+00 -9.884539419171990415e-01
4.894894894894894932e+00 -9.834503510793982661e-01
4.924924924924924952e+00 -9.775562333411399463e-01
4.954954954954954971e+00 -9.707760042849621351e-01
4.984984984984984990e+00 -9.631149919415323835e-01
5.015015015015015010e+00 -9.545794367896476285e-01
5.045045045045045029e+00 -9.451764917562341939e-01
5.075075075075075048e+00 -9.349142222163480120e-01
5.105105105105105068e+00 -9.238016059931742907e-01
5.135135135135135087e+00 -9.118485333580276242e-01
5.165165165165165106e+00 -8.990658070303521043e-01
5.195195195195195126e+00 -8.854651421777213205e-01
5.225225225225225145e+00 -8.710591664158381375e-01
5.255255255255255165e+00 -8.558614198085349178e-01
5.285285285285285184e+00 -8.398863548677732993e-01
5.315315315315315203e+00 -8.231493365536447504e-01
5.345345345345345223e+00 -8.056666422743695710e-01
5.375375375375375242e+00 -7.874554618862981137e-01
5.405405405405405261e+00 -7.685338976939097844e-01
5.435435435435435281e+00 -7.489209644498133756e-01
5.465465465465465300e+00 -7.286365893547471773e-01
5.495495495495495319e+00 -7.077016120575789770e-01
5.525525525525525339e+00 -6.861377846553061710e-01
5.555555555555555358e+00 -6.639677716930550977e-01
5.585585585585585378e+00 -6.412143030521273435e-01
5.615615615615615397e+00 -6.178861274562095218e-01
5.645645645645645416e+00 -5.940001516757008604e-01
5.675675675675675436e+00 -5.695787665600776650e-01
5.705705705705705455e+00 -5.446446108146377751e-01
5.735735735735735474e+00 -5.192205710005005637e-01
5.765765765765765494e+00 -4.933297815346067150e-01
5.795795795795795513e+00 -4.669956246897182806e-01
5.825825825825825532e+00 -4.402417305944187342e-01
5.855855855855855552e+00 -4.130919772331130835e-01
5.885885885885885571e+00 -3.855704904460275917e-01
5.915915915915915591e+00 -3.577016439292100003e-01
5.945945945945945610e+00 -3.295100592345294732e-01
5.975975975975975629e+00 -3.010206057696766524e-01
6.006006006006005649e+00 -2.722584007981633802e-01
6.036036036036035668e+00 -2.432488094393232547e-01
6.066066066066065687e+00 -2.140174446683107967e-01
6.096096096096095707e+00 -1.845901673161026157e-01
6.126126126126125726e+00 -1.549930860694961332e-01
6.156156156156155745e+00 -1.252525574711101930e-01
6.186186186186185765e+00 -9.539518591938556114e-02
6.216216216216215784e+00 -6.544782366858392653e-02
6.246246246246245803e+00 -3.543757082878873366e-02
6.276276276276275823e+00 -5.391775365904405426e-03
6.306306306306305842e+00 2.466196689834254663e-02
6.336336336336335862e+00 5.469581228640485460e-02
6.366366366366365881e+00 8.468166926491360602e-02
6.396396396396395900e+00 1.145911984446782439e-01
6.426426426426426808e+00 1.443958125806881210e-01
6.456456456456456827e+00 1.740666765721082809e-01
6.486486486486486847e+00 2.035747074622850095e-01
6.516516516516516866e+00 2.328905744387419485e-01
6.546546546546546885e+00 2.619864743617353331e-01
6.576576576576576905e+00 2.908524302090189084e-01
6.606606606606606924e+00 3.194648522768094856e-01
6.636636636636636943e+00 3.477953486397617477e-01
6.666666666666666963e+00 3.758161408542081139e-01
6.696696696696696982e+00 4.035000639581590165e-01
6.726726726726727001e+00 4.308205664713026239e-01
6.756756756756757021e+00 4.577517103950050625e-01
6.786786786786787040e+00 4.842681712123100835e-01
6.816816816816817060e+00 5.103452378879393958e-01
6.846846846846847079e+00 5.359588128682928332e-01
6.876876876876877098e+00 5.610854120814479096e-01
6.906906906906907118e+00 5.857021649371593197e-01
6.936936936936937137e+00 6.097868143268607710e-01
6.966966966966967156e+00 6.333177166236630962e-01
6.996996996996997176e+00 6.562738416823550303e-01
7.027027027027027195e+00 6.786347728394033219e-01
7.057057057057057214e+00 7.003807069129523999e-01
7.087087087087087234e+00 7.214924542028247068e-01
7.117117117117117253e+00 7.419514384905205873e-01
7.147147147147147273e+00 7.617396970392179556e-01
7.177177177177177292e+00 7.808398805937726284e-01
7.207207207207207311e+00 7.992352533807185466e-01
7.237237237237237331e+00 8.169096931082673319e-01
7.267267267267267350e+00 8.338476909663082859e-01
7.297297297297297369e+00 8.500343516264090571e-01
7.327327327327327389e+00 8.654553932418143081e-01
7.357357357357357408e+00 8.800971474474473810e-01
7.387387387387387427e+00 8.939465593599090765e-01
7.417417417417417447e+00 9.069911875774780974e-01
7.447447447447447466e+00 9.192192041801108271e-01
7.477477477477477485e+00 9.306193947294416624e-01
7.507507507507507505e+00 9.411811585193711194e-01
7.537537537537537524e+00 9.509008614179554897e-01
7.567567567567567544e+00 9.597741339210223988e-01
7.597597597597597563e+00 9.677906896621667476e-01
7.627627627627627582e+00 9.749411951605601034e-01
7.657657657657657602e+00 9.812172698209505883e-01
7.687687687687687621e+00 9.866114859336629905e-01
7.717717717717717640e+00 9.911173686745986533e-01
7.747747747747747660e+00 9.947293961052354749e-01
7.777777777777777679e+00 9.974429991726279088e-01
7.807807807807807698e+00 9.992545617094072963e-01
7.837837837837837718e+00 1.000161420433781201e+00
7.867867867867867737e+00 1.000161864949534074e+00
7.897897897897897757e+00 9.992551377460267004e-01
7.927927927927927776e+00 9.974414341981967524e-01
7.957957957957957795e+00 9.947219025665583469e-01
7.987987987987987815e+00 9.910986439972022666e-01
8.018018018018018722e+00 9.865747125217955160e-01
8.048048048048048742e+00 9.811541150575824322e-01
8.078078078078078761e+00 9.748418114073834628e-01
8.108108108108108780e+00 9.676437142595956109e-01
8.138138138138138800e+00 9.595666891881927674e-01
8.168168168168168819e+00 9.506185546527250452e-01
8.198198198198198838e+00 9.408080819983196674e-01
8.228228228228228858e+00 9.301449954556798572e-01
8.258258258258258877e+00 9.186399721410859476e-01
8.288288288288288896e+00 9.063046420563946048e-01
8.318318318318318916e+00 8.931515880890390502e-01
8.348348348348348935e+00 8.791943460120293929e-01
8.378378378378378954e+00 8.644474044839520754e-01
8.408408408408408974e+00 8.489262050489702061e-01
8.438438438438438993e+00 8.326471421368235593e-01
8.468468468468469013e+00 8.156275630628284645e-01
8.498498498498499032e+00 7.978857324396545492e-01
8.528528528528529051e+00 7.794315195084351444e-01
8.558558558558559071e+00 7.602756488449690098e-01
8.588588588588589090e+00 7.404357355513451200e-01
8.618618618618619109e+00 7.199298406175943521e-01
8.648648648648649129e+00 6.987764709216899295e-01
8.678678678678679148e+00 6.769945792295466447e-01
8.708708708708709167e+00 6.546035641950214146e-01
8.738738738738739187e+00 6.316232703599128362e-01
8.768768768768769206e+00 6.080739881539618530e-01
8.798798798798799226e+00 5.839764538948508665e-01
8.828828828828829245e+00 5.593518497882047358e-01
8.858858858858859264e+00 5.342218039275898889e-01
8.888888888888889284e+00 5.086083902945145452e-01
8.918918918918919303e+00 4.825341287584293259e-01
8.948948948948949322e+00 4.560219850767264771e-01
8.978978978978979342e+00 4.290953708947404244e-01
9.009009009009009361e+00 4.017781437457471072e-01
9.039039039039039380e+00 3.740946070509647003e-01
9.069069069069069400e+00 3.460695101195533918e-01
9.099099099099099419e+00 3.177280481486151054e-01
9.129129129129129439e+00 2.890958622231935005e-01
9.159159159159159458e+00 2.601990393162750825e-01
9.189189189189189477e+00 2.310641122887870935e-01
9.219219219219219497e+00 2.017180598895993437e-01
9.249249249249249516e+00 1.721883067555236568e-01
9.279279279279279535e+00 1.425027234113136476e-01
9.309309309309309555e+00 1.126896262696646112e-01
9.339339339339339574e+00 8.277777763121418886e-02
9.369369369369369593e+00 5.279638568454192438e-02
9.399399399399399613e+00 2.277510450616870852e-02
9.429429429429429632e+00 -7.255965939441777479e-03
9.459459459459459651e+00 -3.727921748673122815e-02
9.489489489489489671e+00 -6.727748585231749234e-02
9.519519519519519690e+00 -9.722116474873679359e-02
9.549549549549549710e+00 -1.270810710669619814e-01
9.579579579579579729e+00 -1.568284449285688997e-01
9.609609609609609748e+00 -1.864349496857365396e-01
9.639639639639639768e+00 -2.158726719212471501e-01
9.669669669669669787e+00 -2.451141214484858222e-01
9.699699699699699806e+00 -2.741322313114409326e-01
9.729729729729729826e+00 -3.029003577847039219e-01
9.759759759759759845e+00 -3.313922803734692391e-01
9.789789789789789864e+00 -3.595822018135346743e-01
9.819819819819819884e+00 -3.874447480713008041e-01
9.849849849849849903e+00 -4.149549683437714909e-01
9.879879879879879923e+00 -4.420883350585537164e-01
9.909909909909909942e+00 -4.688207438738576371e-01
9.939939939939939961e+00 -4.951285136784963625e-01
9.969969969969969981e+00 -5.209883865918860657e-01
1.000000000000000000e+01 -5.463775279640460392e-01
1.003003003003003002e+01 -5.712735263755988058e-01
1.006006006006006004e+01 -5.956543936377702853e-01
1.009009009009009006e+01 -6.194985647923886285e-01
1.012012012012012008e+01 -6.427848981118858829e-01
1.015015015015015010e+01 -6.654926750992969930e-01
1.018018018018018012e+01 -6.876016004882598009e-01
1.021021021021021014e+01 -7.090918022430153789e-01
1.024024024024024015e+01 -7.299438315584080295e-01
1.027027027027027017e+01 -7.501386628598849526e-01
1.030030030030030019e+01 -7.696576938034966897e-01
1.033033033033033021e+01 -7.884827452758966793e-01
1.036036036036036023e+01 -8.065960613943413682e-01
1.039039039039039025e+01 -8.239803095066906558e-01
1.042042042042042027e+01 -8.406185801914074496e-01
1.045045045045045029e+01 -8.564999573309539649e-01
1.048048048048048031e+01 -8.716202565348076803e-01
1.051051051051051033e+01 -8.859637175046453095e-01
1.054054054054054035e+01 -8.995150664903098781e-01
1.057057057057057037e+01 -9.122599770111416984e-01
1.060060060060060039e+01 -9.241850698559791466e-01
1.063063063063063041e+01 -9.352779130831576637e-01
1.066066066066066043e+01 -9.455270220205107545e-01
1.069069069069069045e+01 -9.549218592653689885e-01
1.072072072072072046e+01 -9.634528346845609992e-01
1.075075075075075048e+01 -9.711113054144127066e-01
1.078078078078078050e+01 -9.778895758607475397e-01
1.081081081081081052e+01 -9.837808976988866583e-01
1.084084084084084054e+01 -9.887794698736486199e-01
1.087087087087087056e+01 -9.928804385993499348e-01
1.090090090090090058e+01 -9.960798973598041783e-01
1.093093093093093060e+01 -9.983748869083227673e-01
1.096096096096096062e+01 -9.997633952677147384e-01
1.099099099099099064e+01 -1.000244357730286415e+00
1.102102102102102066e+01 -9.998176568578421852e-01
1.105105105105105068e+01 -9.984841224816836114e-01
1.108108108108108070e+01 -9.962455317026097656e-01
1.111111111111111072e+01 -9.931046088909174507e-01
1.114114114114114074e+01 -9.890650256864013112e-01
1.117117117117117076e+01 -9.841314009983529454e-01
1.120120120120120077e+01 -9.783093010055621264e-01
1.123123123123123079e+01 -9.716052391563156920e-01
1.126126126126126081e+01 -9.640266761683984331e-01
1.129129129129129083e+01 -9.555820200290927602e-01
1.132132132132132085e+01 -9.462806259951779264e-01
1.135135135135135087e+01 -9.361327965929316930e-01
1.138138138138138089e+01 -9.251497816181288858e-01
1.141141141141141091e+01 -9.133429496843109563e-01
1.144144144144144093e+01 -9.007175680378785021e-01
1.147147147147147095e+01 -8.872833864862613718e-01
1.150150150150150097e+01 -8.730522009739232203e-01
1.153153153153153099e+01 -8.580364377115673458e-01
1.156156156156156101e+01 -8.422491531761360228e-01
1.159159159159159103e+01 -8.257040341108110582e-01
1.162162162162162105e+01 -8.084153975250132351e-01
1.165165165165165106e+01 -7.903981906944029800e-01
1.168168168168168108e+01 -7.716679911608799181e-01
1.171171171171171110e+01 -7.522410067325827621e-01
1.174174174174174112e+01 -7.321340754838898679e-01
1.177177177177177114e+01 -7.113646657554184571e-01
1.180180180180180116e+01 -6.899508761540253943e-01
1.183183183183183118e+01 -6.679114355528066316e-01
1.186186186186186120e+01 -6.452657030910977642e-01
1.189189189189189122e+01 -6.220336681744731422e-01
1.192192192192192124e+01 -5.982359504747467582e-01
1.195195195195195126e+01 -5.738937999299719150e-01
1.198198198198198128e+01 -5.490290967444410031e-01
1.201201201201201130e+01 -5.236643513886859447e-01
1.204204204204204132e+01 -4.978227045994778610e-01
1.207207207207207134e+01 -4.715279273798269055e-01
1.210210210210210136e+01 -4.448044209989830411e-01
1.213213213213213137e+01 -4.176772169924350964e-01
1.216216216216216139e+01 -3.901719771619112098e-01
1.219219219219219141e+01 -3.623149935753794404e-01
1.222222222222222143e+01 -3.341331885670461022e-01
1.225225225225225145e+01 -3.056541147373574852e-01
1.228228228228228147e+01 -2.769059549529993003e-01
1.231231231231231149e+01 -2.479175223468960132e-01
1.234234234234234151e+01 -2.187175781974690647e-01
1.237237237237237153e+01 -1.893192459156457508e-01
1.240240240240240155e+01 -1.597444504246597896e-01
1.243243243243243157e+01 -1.300218958403603353e-01
1.246246246246246159e+01 -1.001800755085080763e-01
1.249249249249249161e+01 -7.024727200477501321e-02
1.252252252252252163e+01 -4.025155713474470875e-02
1.255255255255255165e+01 -1.022079193391203789e-02
1.258258258258258167e+01 1.981737333231650688e-02
1.261261261261261168e+01 4.983549916862334284e-02
1.264264264264264170e+01 7.980635684977893662e-02
1.267267267267267172e+01 1.097029284206431088e-01
1.270270270270270174e+01 1.394984066961633684e-01
1.273273273273273176e+01 1.691661952613764397e-01
1.276276276276276178e+01 1.986799084714073182e-01
1.279279279279279180e+01 2.280133714514696042e-01
1.282282282282282360e+01 2.571406200968672784e-01
1.285285285285285362e+01 2.860359010729874862e-01
1.288288288288288364e+01 3.146736718153116952e-01
1.291291291291291365e+01 3.430286005294075347e-01
1.294294294294294367e+01 3.710755661909314052e-01
1.297297297297297369e+01 3.987896585456286447e-01
1.300300300300300371e+01 4.261461781093326406e-01
1.303303303303303373e+01 4.531206361679657180e-01
1.306306306306306375e+01 4.796887547775386951e-01
1.309309309309309377e+01 5.058264667641507728e-01
1.312312312312312379e+01 5.315099157239900896e-01
1.315315315315315381e+01 5.567154560233328331e-01
1.318318318318318383e+01 5.814196527985442398e-01
1.321321321321321385e+01 6.055992819560778173e-01
1.324324324324324387e+01 6.292313301724756780e-01
1.327327327327327389e+01 6.522929948943689826e-01
1.330330330330330391e+01 6.747616843384767193e-01
1.333333333333333393e+01 6.966150589972907037e-01
1.336336336336336394e+01 7.178434488154499249e-01
1.339339339339339396e+01 7.384348304352531533e-01
1.342342342342342398e+01 7.583680324881801882e-01
1.345345345345345400e+01 7.776227710750299726e-01
1.348348348348348402e+01 7.961796497659201499e-01
1.351351351351351404e+01 8.140201596002871742e-01
1.354354354354354406e+01 8.311266790868865328e-01
1.357357357357357408e+01 8.474824742037925240e-01
1.360360360360360410e+01 8.630716983983981461e-01
1.363363363363363412e+01 8.778793925874158743e-01
1.366366366366366414e+01 8.918914851568764401e-01
1.369369369369369416e+01 9.050947919621294968e-01
1.372372372372372418e+01 9.174770163278440638e-01
1.375375375375375420e+01 9.290267490480075274e-01
1.378378378378378422e+01 9.397334683859264182e-01
1.381381381381381424e+01 9.495875400742261885e-01
1.384384384384384425e+01 9.585802173148507688e-01
1.387387387387387427e+01 9.667036407790636776e-01
1.390390390390390429e+01 9.739508386074466895e-01
1.393393393393393431e+01 9.803157264099006118e-01
1.396396396396396433e+01 9.857931072656453964e-01
1.399399399399399435e+01 9.903786717232195835e-01
1.402402402402402437e+01 9.940689978004806360e-01
1.405405405405405439e+01 9.968615509846051603e-01
1.408408408408408441e+01 9.987546842320881302e-01
1.411411411411411443e+01 9.997476379687439962e-01
1.414414414414414445e+01 9.998405400897055761e-01
1.417417417417417447e+01 9.990344059594250536e-01
1.420420420420420449e+01 9.973311384116728684e-01
1.423423423423423451e+01 9.947335277495390482e-01
1.426426426426426453e+01 9.912452517454319878e-01
1.429429429429429455e+01 9.868708230070487586e-01
1.432432432432432456e+01 9.816143698155594954e-01
1.435435435435435458e+01 9.754795527319919390e-01
1.438438438438438460e+01 9.684707683053639382e-01
1.441441441441441462e+01 9.605932066472776532e-01
1.444444444444444464e+01 9.518528514319193334e-01
1.447447447447447466e+01 9.422564798960595400e-01
1.450450450450450468e+01 9.318116628390530343e-01
1.453453453453453470e+01 9.205267646228384448e-01
1.456456456456456472e+01 9.084109431719390448e-01
1.459459459459459474e+01 8.954741499734618637e-01
1.462462462462462476e+01 8.817271300770982423e-01
1.465465465465465478e+01 8.671814220951239438e-01
1.468468468468468480e+01 8.518493582023985988e-01
1.471471471471471482e+01 8.357440641363661493e-01
1.474474474474474484e+01 8.188794591970545156e-01
1.477477477477477485e+01 8.012702562470761514e-01
1.480480480480480487e+01 7.829319617116275998e-01
1.483483483483483489e+01 7.638808755784891602e-01
1.486486486486486491e+01 7.441340913980258875e-01
1.489489489489489493e+01 7.237094962831865930e-01
1.492492492492492495e+01 7.026257709095046211e-01
1.495495495495495497e+01 6.809023895150970729e-01
1.498498498498498499e+01 6.585596199006655826e-01
1.501501501501501501e+01 6.356185234294958741e-01
1.504504504504504503e+01 6.121009550274577604e-01
1.507507507507507505e+01 5.880295631830052550e-01
1.510510510510510507e+01 5.634277899471766826e-01
1.513513513513513509e+01 5.383198709335942356e-01
1.516516516516516511e+01 5.127308353184646394e-01
1.519519519519519513e+01 4.866865058405785982e-01
1.522522522522522515e+01 4.602134988013109052e-01
1.525525525525525516e+01 4.333392240646211091e-01
1.528528528528528518e+01 4.060870688374638160e-01
1.531531531531531520e+01 3.784660027167707774e-01
1.534534534534534522e+01 3.505008242196065438e-01
1.537537537537537524e+01 3.222181759503126020e-01
1.540540540540540526e+01 2.936446913213586196e-01
1.543543543543543528e+01 2.648069945533422231e-01
1.546546546546546530e+01 2.357317006749893307e-01
1.549549549549549532e+01 2.064454155231540133e-01
1.552552552552552534e+01 1.769747357428182455e-01
1.555555555555555536e+01 1.473462487870923487e-01
1.558558558558558538e+01 1.175865329172146034e-01
1.561561561561561540e+01 8.772215720255155391e-02
1.564564564564564542e+01 5.777968152059764773e-02
1.567567567567567544e+01 2.778565655697573522e-02
1.570570570570570545e+01 -2.233376194563374550e-03
1.573573573573573547e+01 -3.225088443214091383e-02
1.576576576576576549e+01 -6.224034504574971205e-02
1.579579579579579551e+01 -9.217524411725441791e-02
1.582582582582582553e+01 -1.220290769203919989e-01
1.585585585585585555e+01 -1.517753479207709644e-01
1.588588588588588557e+01 -1.813875707758717537e-01
1.591591591591591559e+01 -2.108392683350467367e-01
1.594594594594594561e+01 -2.401039726395199914e-01
1.597597597597597563e+01 -2.691552249223878590e-01
1.600600600600600742e+01 -2.979665756086196104e-01
1.603603603603603744e+01 -3.265115843150522279e-01
1.606606606606606746e+01 -3.547638198503989537e-01
1.609609609609609748e+01 -3.826968602152432952e-01
1.612612612612612750e+01 -4.102842926020410230e-01
1.615615615615615752e+01 -4.374997133951191719e-01
1.618618618618618754e+01 -4.643167281706772620e-01
1.621621621621621756e+01 -4.907089516967862997e-01
1.624624624624624758e+01 -5.166500079333894435e-01
1.627627627627627760e+01 -5.421233036405929129e-01
1.630630630630630762e+01 -5.671171124398467489e-01
1.633633633633633764e+01 -5.916064397691846999e-01
1.636636636636636766e+01 -6.155669544282137418e-01
1.639639639639639768e+01 -6.389751074511681450e-01
1.642642642642642770e+01 -6.618081321069098077e-01
1.645645645645645772e+01 -6.840440438989275895e-01
1.648648648648648773e+01 -7.056616405653380886e-01
1.651651651651651775e+01 -7.266405020788850866e-01
1.654654654654654777e+01 -7.469609906469396599e-01
1.657657657657657779e+01 -7.666042507115002902e-01
1.660660660660660781e+01 -7.855522089491930871e-01
1.663663663663663783e+01 -8.037875742712710103e-01
1.666666666666666785e+01 -8.212938378236147585e-01
1.669669669669669787e+01 -8.380552729867322137e-01
1.672672672672672789e+01 -8.540569353757589965e-01
1.675675675675675791e+01 -8.692846628404571341e-01
1.678678678678678793e+01 -8.837250754652173912e-01
1.681681681681681795e+01 -8.973655755690567171e-01
1.684684684684684797e+01 -9.101943477056200216e-01
1.687687687687687799e+01 -9.222003586631791761e-01
1.690690690690690801e+01 -9.333733574646336795e-01
1.693693693693693803e+01 -9.437038753675106584e-01
1.696696696696696804e+01 -9.531832258639640898e-01
1.699699699699699806e+01 -9.618035046807753563e-01
1.702702702702702808e+01 -9.695575897793536901e-01
1.705705705705705810e+01 -9.764391413557349519e-01
1.708708708708708812e+01 -9.824426018405831851e-01
1.711711711711711814e+01 -9.875631958991888393e-01
1.714714714714714816e+01 -9.917969304314706580e-01
1.717717717717717818e+01 -9.951408958883739553e-01
1.720720720720720820e+01 -9.975968860644275349e-01
1.723723723723723822e+01 -9.991627273016696620e-01
1.726726726726726824e+01 -9.998352007037716316e-01
1.729729729729729826e+01 -9.996119910334048120e-01
1.732732732732732828e+01 -9.984916867122405337e-01
1.735735735735735830e+01 -9.964737798209499786e-01
1.738738738738738832e+01 -9.935586660992044017e-01
1.741741741741741833e+01 -9.897476449456747982e-01
1.744744744744744835e+01 -9.850429194180322368e-01
1.747747747747747837e+01 -9.794475962329476371e-01
1.750750750750750839e+01 -9.729656857660917701e-01
1.753753753753753841e+01 -9.656021020521357023e-01
1.756756756756756843e+01 -9.573626627847499071e-01
1.759759759759759845e+01 -9.482540893166052642e-01
1.762762762762762847e+01 -9.382840066593721717e-01
1.765765765765765849e+01 -9.274609434837211008e-01
1.768768768768768851e+01 -9.157943321193227071e-01
1.771771771771771853e+01 -9.032945085548472752e-01
1.774774774774774855e+01 -8.899727124379650522e-01
1.777777777777777857e+01 -8.758410870753463584e-01
1.780780780780780859e+01 -8.609126794326613652e-01
1.783783783783783861e+01 -8.452014401345799843e-01
1.786786786786786863e+01 -8.287222234647723118e-01
1.789789789789789864e+01 -8.114907873659084059e-01
1.792792792792792866e+01 -7.935237934396580650e-01
1.795795795795795868e+01 -7.748388069466910499e-01
1.798798798798798870e+01 -7.554542968066770836e-01
1.801801801801801872e+01 -7.353896355982860733e-01
1.804804804804804874e+01 -7.146650995591872224e-01
1.807807807807807876e+01 -6.933018685860501407e-01
1.810810810810810878e+01 -6.713220262345445111e-01
1.813813813813813880e+01 -6.487485597193395348e-01
1.816816816816816882e+01 -6.256053585630888536e-01
1.819819819819819884e+01 -6.019056991650933996e-01
1.822822822822822886e+01 -5.776620833927419429e-01
1.825825825825825888e+01 -5.528973656837612438e-01
1.828828828828828890e+01 -5.276346218395455701e-01
1.831831831831831892e+01 -5.018971490251575851e-01
1.834834834834834894e+01 -4.757084657693274599e-01
1.837837837837837895e+01 -4.490923119644536499e-01
1.840840840840840897e+01 -4.220726488666021181e-01
1.843843843843843899e+01 -3.946736590955068902e-01
1.846846846846846901e+01 -3.669197466345700542e-01
1.849849849849849903e+01 -3.388355368308614834e-01
1.852852852852852905e+01 -3.104458763951186140e-01
1.855855855855855907e+01 -2.817758334017473887e-01
1.858858858858858909e+01 -2.528506972888210913e-01
1.861861861861861911e+01 -2.236959788580814568e-01
1.864864864864864913e+01 -1.943374102749375609e-01
1.867867867867867915e+01 -1.648009450684667088e-01
1.870870870870870917e+01 -1.351127581314141013e-01
1.873873873873873919e+01 -1.052992457201928911e-01
1.876876876876876921e+01 -7.538702545488373818e-02
1.879879879879879923e+01 -4.540293631923553175e-02
1.882882882882882924e+01 -1.537403866066522351e-02
1.885885885885885926e+01 1.467238580974272733e-02
1.888888888888888928e+01 4.470883401723602102e-02
1.891891891891891930e+01 7.470758152339362912e-02
1.894894894894894932e+01 1.046406825261277929e-01
1.897897897897897934e+01 1.344799698596819137e-01
1.900900900900900936e+01 1.641970549946318858e-01
1.903903903903903938e+01 1.937633280378860956e-01
1.906906906906906940e+01 2.231499577326838679e-01
1.909909909909909942e+01 2.523278914585980193e-01
1.912912912912912944e+01 2.812678552315326375e-01
1.915915915915915946e+01 3.099537272060692294e-01
1.918918918918918948e+01 3.383698781907377162e-01
1.921921921921921950e+01 3.664879626102025001e-01
1.924924924924924952e+01 3.942802689308110287e-01
1.927927927927927954e+01 4.217197196907430112e-01
1.930930930930930955e+01 4.487798715000104743e-01
1.933933933933933957e+01 4.754349150404577617e-01
1.936936936936936959e+01 5.016596750657617010e-01
1.939939939939939961e+01 5.274296104014311037e-01
1.942942942942942963e+01 5.527208139448075430e-01
1.945945945945945965e+01 5.775100126650647425e-01
1.948948948948948967e+01 6.017745676032084656e-01
1.951951951951951969e+01 6.254924738720770705e-01
1.954954954954954971e+01 6.486423606563416211e-01
1.957957957957957973e+01 6.712034912125047770e-01
1.960960960960960975e+01 6.931557628689020145e-01
1.963963963963963977e+01 7.144797070257007388e-01
1.966966966966966979e+01 7.351564891549013936e-01
1.969969969969969981e+01 7.551679088003357965e-01
1.972972972972972983e+01 7.744963995776689147e-01
1.975975975975975985e+01 7.931250291743975334e-01
1.978978978978978986e+01 8.110374993498513652e-01
1.981981981981981988e+01 8.282181459351914965e-01
1.984984984984984990e+01 8.446519388334121636e-01
1.987987987987987992e+01 8.603244820193395315e-01
1.990990990990990994e+01 8.752220135396321377e-01
1.993993993993993996e+01 8.893314055127813367e-01
1.996996996996996998e+01 9.026401641291099676e-01
2.000000000000000000e+01 9.151364296507739082e-01
2.003003003003003002e+01 9.268089764117607432e-01
2.006006006006006004e+01 9.376472128178912069e-01
2.009009009009009006e+01 9.476411813468174072e-01
2.012012012012012008e+01 9.567857366124973284e-01
2.015015015015015010e+01 9.650787278847020589e-01
2.018018018018018012e+01 9.725105693011082408e-01
2.021021021021021014e+01 9.790724556528415112e-01
2.024024024024024015e+01 9.847565320182102289e-01
2.027027027027027017e+01 9.895558937627056961e-01
2.030030030030030019e+01 9.934645865390018260e-01
2.033033033033033021e+01 9.964776062869554751e-01
2.036036036036036023e+01 9.985908992336064438e-01
2.039039039039039025e+01 9.998013618931770319e-01
2.042042042042042027e+01 1.000106841067072594e+00
2.045045045045045029e+01 9.995061338438813170e-01
2.048048048048048031e+01 9.979989875993738879e-01
2.051051051051051033e+01 9.955860999965042701e-01
2.054054054054054035e+01 9.922691189854089266e-01
2.057057057057057037e+01 9.880506428034070421e-01
2.060060060060060039e+01 9.829342199750010778e-01
2.063063063063063041e+01 9.769243493118756616e-01
2.066066066066066043e+01 9.700264799128989202e-01
2.069069069069069045e+01 9.622470111641211465e-01
2.072072072072072046e+01 9.535932927387760216e-01
2.075075075075075048e+01 9.440736245972795038e-01
2.078078078078078050e+01 9.336972569872308281e-01
2.081081081081081052e+01 9.224743904434117292e-01
2.084084084084084054e+01 9.104161757877869965e-01
2.087087087087087056e+01 8.975347141295040299e-01
2.090090090090090058e+01 8.838430568648930619e-01
2.093093093093093060e+01 8.693552056774672687e-01
2.096096096096096062e+01 8.540861125379225482e-01
2.099099099099099064e+01 8.380516797041375199e-01
2.102102102102102066e+01 8.212687597211738577e-01
2.105105105105105068e+01 8.037551554212758465e-01
2.108108108108108070e+01 7.855296199238707144e-01
2.111111111111111072e+01 7.666058118239038599e-01
2.114114114114114074e+01 7.469917762247920701e-01
2.117117117117117076e+01 7.267054451203944776e-01
2.120120120120120077e+01 7.057653789991672477e-01
2.123123123123123079e+01 6.841905612217654697e-01
2.126126126126126081e+01 6.620003980210431571e-01
2.129129129129129083e+01 6.392147185020533584e-01
2.132132132132132085e+01 6.158537746420479353e-01
2.135135135135135087e+01 5.919382412904780066e-01
2.138138138138138089e+01 5.674892161689935044e-01
2.141141141141141091e+01 5.425282198714431736e-01
2.144144144144144093e+01 5.170771958638749055e-01
2.147147147147147095e+01 4.911585104845355709e-01
2.150150150150150097e+01 4.647949529438707983e-01
2.153153153153153099e+01 4.380097353245254732e-01
2.156156156156156101e+01 4.108264925813432944e-01
2.159159159159159103e+01 3.832692825413668847e-01
2.162162162162162105e+01 3.553625859038378465e-01
2.165165165165165106e+01 3.271313062401970395e-01
2.168168168168168108e+01 2.986007699940836368e-01
2.171171171171171110e+01 2.697967264813364574e-01
2.174174174174174112e+01 2.407453478899929111e-01
2.177177177177177114e+01 2.114732292802895541e-01
2.180180180180180116e+01 1.820073885846617001e-01
2.183183183183183118e+01 1.523752666077439200e-01
2.186186186186186120e+01 1.226047270263692646e-01
2.189189189189189122e+01 9.272405638957059715e-02
2.192192192192192124e+01 6.276196411857881685e-02
2.195195195195195126e+01 3.274758250682419103e-02
2.198198198198198128e+01 2.710466719936133195e-03
2.201201201201201130e+01 -2.731940520425724106e-02
2.204204204204204132e+01 -5.731725950072565079e-02
2.207207207207207134e+01 -8.727173360545203984e-02
2.210210210210210136e+01 -1.171546279531675422e-01
2.213213213213213137e+01 -1.469366501852339413e-01
2.216216216216216139e+01 -1.765889566789874410e-01
2.219219219219219141e+01 -2.060831525477385129e-01
2.222222222222222143e+01 -2.353912916407719658e-01
2.225225225225225145e+01 -2.644858765433470982e-01
2.228228228228228147e+01 -2.933398585766974764e-01
2.231231231231231149e+01 -3.219266377980311011e-01
2.234234234234234151e+01 -3.502200630005302129e-01
2.237237237237237153e+01 -3.781944317133513755e-01
2.240240240240240155e+01 -4.058244902016258093e-01
2.243243243243243157e+01 -4.330854334664587246e-01
2.246246246246246159e+01 -4.599529052449299882e-01
2.249249249249249161e+01 -4.864029980100934569e-01
2.252252252252252163e+01 -5.124122529709778107e-01
2.255255255255255165e+01 -5.379576600725858304e-01
2.258258258258258167e+01 -5.630166579958945094e-01
2.261261261261261168e+01 -5.875671341578557749e-01
2.264264264264264170e+01 -6.115874247113950446e-01
2.267267267267267172e+01 -6.350563145454126701e-01
2.270270270270270174e+01 -6.579530372847833819e-01
2.273273273273273176e+01 -6.802572752903561781e-01
2.276276276276276178e+01 -7.019491596589543247e-01
2.279279279279279180e+01 -7.230092702233753554e-01
2.282282282282282182e+01 -7.434186355523914047e-01
2.285285285285285184e+01 -7.631587329507489859e-01
2.288288288288288186e+01 -7.822114884591687689e-01
2.291291291291291188e+01 -8.005592768543458027e-01
2.294294294294294190e+01 -8.181849216489495147e-01
2.297297297297297192e+01 -8.350716950916238224e-01
2.300300300300300194e+01 -8.512033181669870219e-01
2.303303303303303196e+01 -8.665660475945954344e-01
2.306306306306306197e+01 -8.811574696251371908e-01
2.309309309309309199e+01 -8.949642299154952907e-01
2.312312312312312201e+01 -9.079714873789728191e-01
2.315315315315315203e+01 -9.201653515946777162e-01
2.318318318318318205e+01 -9.315328828075226664e-01
2.321321321321321207e+01 -9.420620919282254313e-01
2.324324324324324209e+01 -9.517419405333085169e-01
2.327327327327327211e+01 -9.605623408650992845e-01
2.330330330330330213e+01 -9.685141558317299504e-01
2.333333333333333215e+01 -9.755891990071378084e-01
2.336336336336336217e+01 -9.817802346310647854e-01
2.339339339339339219e+01 -9.870809776090578858e-01
2.342342342342342221e+01 -9.914860935124687469e-01
2.345345345345345223e+01 -9.949911985784541946e-01
2.348348348348348225e+01 -9.975928597099756878e-01
2.351351351351351227e+01 -9.992885944757996519e-01
2.354354354354354228e+01 -1.000076871110497478e+00
2.357357357357357230e+01 -9.999571085144450810e-01
2.360360360360360232e+01 -9.989296762538236729e-01
2.363363363363363234e+01 -9.969958945606192113e-01
2.366366366366366236e+01 -9.941580343326223979e-01
2.369369369369369238e+01 -9.904193171334290113e-01
2.372372372372372240e+01 -9.857839151924395749e-01
2.375375375375375242e+01 -9.802569514048593557e-01
2.378378378378378244e+01 -9.738444993316989207e-01
2.381381381381381246e+01 -9.665535831997732474e-01
2.384384384384384248e+01 -9.583921779017025022e-01
2.387387387387387250e+01 -9.493692089959114844e-01
2.390390390390390252e+01 -9.394945527066301816e-01
2.393393393393393254e+01 -9.287790359238932147e-01
2.396396396396396256e+01 -9.172344362035400600e-01
2.399399399399399258e+01 -9.048734725499553155e-01
2.402402402402402259e+01 -8.917038789604236904e-01
2.405405405405405261e+01 -8.777332389446325100e-01
2.408408408408408263e+01 -8.629739700951698511e-01
2.411411411411411265e+01 -8.474390980133180706e-01
2.414414414414414267e+01 -8.311422563090539173e-01
2.417417417417417269e+01 -8.140976866010491975e-01
2.420420420420420271e+01 -7.963202385166697761e-01
2.423423423423423273e+01 -7.778253696919762428e-01
2.426426426426426275e+01 -7.586291457717238007e-01
2.429429429429429277e+01 -7.387482404093621557e-01
2.432432432432432279e+01 -7.181999352670354053e-01
2.435435435435435281e+01 -6.970021200155824825e-01
2.438438438438438283e+01 -6.751732923345366011e-01
2.441441441441441285e+01 -6.527325579121256993e-01
2.444444444444444287e+01 -6.296996304452722182e-01
2.447447447447447288e+01 -6.060948316395928792e-01
2.450450450450450290e+01 -5.819390912093995727e-01
2.453453453453453292e+01 -5.572539468776980254e-01
2.456456456456456294e+01 -5.320615443761890218e-01
2.459459459459459296e+01 -5.063846374452676269e-01
2.462462462462462298e+01 -4.802465878340233529e-01
2.465465465465465300e+01 -4.536713653002407698e-01
2.468468468468468302e+01 -4.266835476103984504e-01
2.471471471471471304e+01 -3.993083205396699142e-01
2.474474474474474306e+01 -3.715714778719226841e-01
2.477477477477477308e+01 -3.434994213997194512e-01
2.480480480480480310e+01 -3.151191609243170211e-01
2.483483483483483312e+01 -2.864583142556670348e-01
2.486486486486486314e+01 -2.575451072124155250e-01
2.489489489489489316e+01 -2.284083736219030270e-01
2.492492492492492318e+01 -1.990772075858064927e-01
2.495495495495495319e+01 -1.695660335971161392e-01
2.498498498498498321e+01 -1.398958223759501074e-01
2.501501501501501323e+01 -1.100954353719998946e-01
2.504504504504504325e+01 -8.019350247416863475e-02
2.507507507507507327e+01 -5.021842201057150068e-02
2.510510510510510329e+01 -2.019836074853562091e-02
2.513513513513513331e+01 9.838746105400059117e-03
2.516516516516516333e+01 3.986519490548473543e-02
2.519519519519519335e+01 6.985351356675550960e-02
2.522522522522522337e+01 9.977646156503766628e-02
2.525525525525525339e+01 1.296070299369446732e-01
2.528528528528528341e+01 1.593184412798780980e-01
2.531531531531531343e+01 1.888841497520273860e-01
2.534534534534534345e+01 2.182778410723704154e-01
2.537537537537537347e+01 2.474734325206727759e-01
2.540540540540540349e+01 2.764450729374883786e-01
2.543543543543543350e+01 3.051671427241594570e-01
2.546546546546546352e+01 3.336142538428155113e-01
2.549549549549549354e+01 3.617612498163753632e-01
2.552552552552552356e+01 3.895832057285447680e-01
2.555555555555555358e+01 4.170554282238181365e-01
2.558558558558558360e+01 4.441534555074783119e-01
2.561561561561561362e+01 4.708530573455953494e-01
2.564564564564564719e+01 4.971302350650311785e-01
2.567567567567567721e+01 5.229612215534265030e-01
2.570570570570570723e+01 5.483224812592187858e-01
2.573573573573573725e+01 5.731907101916314806e-01
2.576576576576576727e+01 5.975428359206752527e-01
2.579579579579579729e+01 6.213560175771493110e-01
2.582582582582582731e+01 6.446076458526408537e-01
2.585585585585585733e+01 6.672753429995250674e-01
2.588588588588588735e+01 6.893369628309654606e-01
2.591591591591591737e+01 7.107705907209135310e-01
2.594594594594594739e+01 7.315647734736775432e-01
2.597597597597597741e+01 7.517099291043350950e-01
2.600600600600600742e+01 7.711852767713520684e-01
2.603603603603603744e+01 7.899709142181979837e-01
2.606606606606606746e+01 8.080478347720588816e-01
2.609609609609609748e+01 8.253979273438364350e-01
2.612612612612612750e+01 8.420039764281487260e-01
2.615615615615615752e+01 8.578496621033295799e-01
2.618618618618618754e+01 8.729195600314290093e-01
2.621621621621621756e+01 8.871991414582131030e-01
2.624624624624624758e+01 9.006747732131639150e-01
2.627627627627627760e+01 9.133337177094797976e-01
2.630630630630630762e+01 9.251641329440747352e-01
2.633633633633633764e+01 9.361550724975791216e-01
2.636636636636636766e+01 9.462964855343392045e-01
2.639639639639639768e+01 9.555792168024175304e-01
2.642642642642642770e+01 9.639950066335922774e-01
2.645645645645645772e+01 9.715364909433579221e-01
2.648648648648648773e+01 9.781972012309250175e-01
2.651651651651651775e+01 9.839715645792201926e-01
2.654654654654654777e+01 9.888549036548861526e-01
2.657657657657657779e+01 9.928434367082813461e-01
2.660660660660660781e+01 9.959342775734806308e-01
2.663663663663663783e+01 9.981254356682747186e-01
2.666666666666666785e+01 9.994158159941703978e-01
2.669669669669669787e+01 9.998052191363905328e-01
2.672672672672672789e+01 9.992943412638741751e-01
2.675675675675675791e+01 9.978847741292762308e-01
2.678678678678678793e+01 9.955790050689674597e-01
2.681681681681681795e+01 9.923804170030352534e-01
2.684684684684684797e+01 9.882932884352827463e-01
2.687687687687687799e+01 9.833227421045566130e-01
2.690690690690690801e+01 9.774732895756381712e-01
2.693693693693693803e+01 9.707490986621829521e-01
2.696696696696696804e+01 9.631551754146523425e-01
2.699699699699699806e+01 9.546973051865803583e-01
2.702702702702702808e+01 9.453820526345737552e-01
2.705705705705705810e+01 9.352167617183121395e-01
2.708708708708708812e+01 9.242095557005478579e-01
2.711711711711711814e+01 9.123693371471058855e-01
2.714714714714714816e+01 8.997057879268841596e-01
2.717717717717717818e+01 8.862293692118530242e-01
2.720720720720720820e+01 8.719513214770560072e-01
2.723723723723723822e+01 8.568836645006090436e-01
2.726726726726726824e+01 8.410391973637008078e-01
2.729729729729729826e+01 8.244314984505930477e-01
2.732732732732732828e+01 8.070749254486200286e-01
2.735735735735735830e+01 7.889846153481887558e-01
2.738738738738738832e+01 7.701764844427789747e-01
2.741741741741741833e+01 7.506672283289432812e-01
2.744744744744744835e+01 7.304743219063067894e-01
2.747747747747747837e+01 7.096160193775677971e-01
2.750750750750750839e+01 6.881113542484968981e-01
2.753753753753753841e+01 6.659801393279377590e-01
2.756756756756756843e+01 6.432429667278065644e-01
2.759759759759759845e+01 6.199212078630922385e-01
2.762762762762762847e+01 5.960370134518567786e-01
2.765765765765765849e+01 5.716133135152344780e-01
2.768768768768768851e+01 5.466738173774328136e-01
2.771771771771771853e+01 5.212430136657317803e-01
2.774774774774774855e+01 4.953461703104838909e-01
2.777777777777777857e+01 4.690093345451148421e-01
2.780780780780780859e+01 4.422593329061229595e-01
2.783783783783783861e+01 4.151237712330793084e-01
2.786786786786786863e+01 3.876274368320240526e-01
2.789789789789789864e+01 3.597792866067843764e-01
2.792792792792792866e+01 3.316035116265741989e-01
2.795795795795795868e+01 3.031270242210476473e-01
2.798798798798798870e+01 2.743767055868110427e-01
2.801801801801801872e+01 2.453794057874226775e-01
2.804804804804804874e+01 2.161619437533930932e-01
2.807807807807807876e+01 1.867511072821848028e-01
2.810810810810810878e+01 1.571736530382124852e-01
2.813813813813813880e+01 1.274563065528429018e-01
2.816816816816816882e+01 9.762576222439478535e-02
2.819819819819819884e+01 6.770868331813922891e-02
2.822822822822822886e+01 3.773170196629921369e-02
2.825825825825825888e+01 7.721419168049858950e-03
2.828828828828828890e+01 -2.229559521048168902e-02
2.831831831831831892e+01 -5.229280243621609037e-02
2.834834834834834894e+01 -8.224369490912197822e-02
2.837837837837837895e+01 -1.121217961622157366e-01
2.840840840840840897e+01 -1.419006608615619447e-01
2.843843843843843899e+01 -1.715538748062725993e-01
2.846846846846846901e+01 -2.010550549285083921e-01
2.849849849849849903e+01 -2.303778492934769329e-01
2.852852852852852905e+01 -2.594959370994347481e-01
2.855855855855855907e+01 -2.883830286776853935e-01
2.858858858858858909e+01 -3.170128654925811196e-01
2.861861861861861911e+01 -3.453592201415212060e-01
2.864864864864864913e+01 -3.733958963549537380e-01
2.867867867867867915e+01 -4.010967289963737192e-01
2.870870870870870917e+01 -4.284355840623254030e-01
2.873873873873873919e+01 -4.553863586823995169e-01
2.876876876876876921e+01 -4.819229811192357049e-01
2.879879879879879923e+01 -5.080194107685210847e-01
2.882882882882882924e+01 -5.336496381589903581e-01
2.885885885885885926e+01 -5.587945976000836534e-01
2.888888888888888928e+01 -5.834450193808949914e-01
2.891891891891891930e+01 -6.075767305058723533e-01
2.894894894894894932e+01 -6.311656592126008158e-01
2.897897897897897934e+01 -6.541885295381719700e-01
2.900900900900900936e+01 -6.766228613191845875e-01
2.903903903903903938e+01 -6.984469701917437323e-01
2.906906906906906940e+01 -7.196399675914615379e-01
2.909909909909909942e+01 -7.401817607534565413e-01
2.912912912912912944e+01 -7.600530527123542379e-01
2.915915915915915946e+01 -7.792353423022868597e-01
2.918918918918918948e+01 -7.977109241568930420e-01
2.921921921921921950e+01 -8.154628887093184897e-01
2.924924924924924952e+01 -8.324751221922157551e-01
2.927927927927927954e+01 -8.487323066377434611e-01
2.930930930930930955e+01 -8.642199198775675217e-01
2.933933933933933957e+01 -8.789242355428605880e-01
2.936936936936936959e+01 -8.928323230643016029e-01
2.939939939939939961e+01 -9.059320476720763571e-01
2.942942942942942963e+01 -9.182120703958780439e-01
2.945945945945945965e+01 -9.296618480649054828e-01
2.948948948948948967e+01 -9.402716333078648958e-01
2.951951951951951969e+01 -9.500324745529694637e-01
2.954954954954954971e+01 -9.589362160279383263e-01
2.957957957957957973e+01 -9.669754977599978041e-01
2.960960960960960975e+01 -9.741437555758807321e-01
2.963963963963963977e+01 -9.804352211018272367e-01
2.966966966966966979e+01 -9.858449217635832929e-01
2.969969969969969981e+01 -9.903686807864022779e-01
2.972972972972972983e+01 -9.940031171950440836e-01
2.975975975975975985e+01 -9.967456431235794945e-01
2.978978978978978986e+01 -9.985916645541641490e-01
2.981981981981981988e+01 -9.995372378997547935e-01
2.984984984984984990e+01 -9.995814853491613583e-01
2.987987987987987992e+01 -9.987243517809683002e-01
2.990990990990990994e+01 -9.969666047635346029e-01
2.993993993993993996e+01 -9.943098345549938877e-01
2.996996996996996998e+01 -9.907564541032540806e-01
3.000000000000000000e+01 -9.863096990459979674e-01
