0.000000000000000000e+00 0.000000000000000000e+00
3.003003003003002977e-02 3.002702066521310831e-02
6.006006006006005954e-02 6.003598105325907985e-02
9.009009009009008584e-02 9.000878253055366596e-02
1.201201201201201191e-01 1.199277121688627351e-01
1.501501501501501523e-01 1.497806438246474525e-01
1.801801801801801717e-01 1.795495814655228561e-01
2.102102102102102188e-01 2.092140650247124034e-01
2.402402402402402382e-01 2.387536002505651345e-01
2.702702702702702853e-01 2.681476587065559358e-01
3.003003003003003046e-01 2.973756777712852073e-01
3.303303303303303240e-01 3.264170606384790285e-01
3.603603603603603434e-01 3.552511763169892145e-01
3.903903903903903627e-01 3.838573596307933156e-01
4.204204204204204376e-01 4.122149112189943954e-01
4.504504504504504570e-01 4.403030975358211419e-01
4.804804804804804763e-01 4.681011508506280339e-01
5.105105105105105512e-01 4.955882692478952856e-01
5.405405405405405705e-01 5.227436166272285689e-01
5.705705705705705899e-01 5.495463227033592357e-01
6.006006006006006093e-01 5.759754830061448727e-01
6.306306306306306286e-01 6.020101588805676363e-01
6.606606606606606480e-01 6.276293774867361952e-01
6.906906906906906674e-01 6.528121317998849538e-01
7.207207207207206867e-01 6.775373806103732743e-01
7.507507507507507061e-01 7.017840485236868098e-01
7.807807807807807254e-01 7.255310259604367262e-01
8.108108108108108558e-01 7.487571691563598142e-01
8.408408408408408752e-01 7.714413001623182664e-01
8.708708708708708945e-01 7.935622068443002330e-01
9.009009009009009139e-01 8.150986428834194886e-01
9.309309309309309333e-01 8.360293277759158759e-01
9.609609609609609526e-01 8.563329468331538630e-01
9.909909909909909720e-01 8.759893780580875200e-01
1.021021021021021102e+00 8.949897510922910637e-01
1.051051051051051122e+00 9.133137486361867508e-01
1.081081081081081141e+00 9.309381483251150113e-01
1.111111111111111160e+00 9.478408521794893238e-01
1.141141141141141180e+00 9.640008866047964364e-01
1.171171171171171199e+00 9.793984023915960346e-01
1.201201201201201219e+00 9.940146747155214069e-01
1.231231231231231238e+00 1.007832103137278557e+00
1.261261261261261257e+00 1.020834211602647201e+00
1.291291291291291277e+00 1.033005648442479885e+00
1.321321321321321296e+00 1.044332186372702198e+00
1.351351351351351315e+00 1.054800722494313447e+00
1.381381381381381335e+00 1.064399278293385764e+00
1.411411411411411354e+00 1.073116999641064551e+00
1.441441441441441373e+00 1.080944156793568478e+00
1.471471471471471393e+00 1.087872144392189044e+00
1.501501501501501412e+00 1.093893481463291240e+00
1.531531531531531432e+00 1.099001811418313546e+00
1.561561561561561451e+00 1.103191902053767270e+00
1.591591591591591470e+00 1.106459645551236548e+00
1.621621621621621712e+00 1.108802058477379671e+00
1.651651651651651731e+00 1.110217281783926868e+00
1.681681681681681750e+00 1.110704580807682751e+00
1.711711711711711770e+00 1.110264345270524755e+00
1.741741741741741789e+00 1.108898089279402921e+00
1.771771771771771808e+00 1.106608451326341003e+00
1.801801801801801828e+00 1.103399194288436025e+00
1.831831831831831847e+00 1.099275205427858282e+00
1.861861861861861867e+00 1.094242496391850450e+00
1.891891891891891886e+00 1.088308203212729364e+00
1.921921921921921905e+00 1.081480586307884462e+00
1.951951951951951925e+00 1.073769030479778674e+00
1.981981981981981944e+00 1.065184044915948203e+00
2.012012012012012185e+00 1.055736856583500138e+00
2.042042042042042205e+00 1.045429144647802122e+00
2.072072072072072224e+00 1.034269384378597056e+00
2.102102102102102243e+00 1.022271450848230234e+00
2.132132132132132263e+00 1.009449654136090446e+00
2.162162162162162282e+00 9.958187393286102029e-01
2.192192192192192302e+00 9.813938865192656236e-01
2.222222222222222321e+00 9.661907108085768803e-01
2.252252252252252340e+00 9.502252623041078650e-01
2.282282282282282360e+00 9.335140261204659673e-01
2.312312312312312379e+00 9.160739223793026298e-01
2.342342342342342398e+00 8.979223062093127927e-01
2.372372372372372418e+00 8.790769677462355602e-01
2.402402402402402437e+00 8.595561321328530902e-01
2.432432432432432456e+00 8.393784595189921482e-01
2.462462462462462476e+00 8.185630450615224429e-01
2.492492492492492495e+00 7.971294189243580686e-01
2.522522522522522515e+00 7.750975462784566172e-01
2.552552552552552534e+00 7.524878273018191788e-01
2.582582582582582553e+00 7.293210971794911179e-01
2.612612612612612573e+00 7.056186261035611862e-01
2.642642642642642592e+00 6.814021192731619658e-01
2.672672672672672611e+00 6.566937168944697589e-01
2.702702702702702631e+00 6.315159941807050314e-01
2.732732732732732650e+00 6.058919613521310810e-01
2.762762762762762669e+00 5.798450636360561461e-01
2.792792792792792689e+00 5.533991812668310750e-01
2.822822822822822708e+00 5.265786294858512129e-01
2.852852852852852727e+00 4.994081585415555136e-01
2.882882882882882747e+00 4.719129536894263177e-01
2.912912912912912766e+00 4.441186351919905739e-01
2.942942942942942786e+00 4.160512583188179514e-01
2.972972972972972805e+00 3.877318085941819370e-01
3.003003003003002824e+00 3.591647196813484988e-01
3.033033033033032844e+00 3.303679615277853587e-01
3.063063063063062863e+00 3.013609162363088956e-01
3.093093093093092882e+00 2.721629206526960942e-01
3.123123123123122902e+00 2.427932663656848233e-01
3.153153153153152921e+00 2.132711997069739185e-01
3.183183183183182940e+00 1.836159217512227382e-01
3.213213213213213404e+00 1.538465883160513026e-01
3.243243243243243423e+00 1.239823099620416258e-01
3.273273273273273443e+00 9.404215199273524561e-02
3.303303303303303462e+00 6.404513445463494437e-02
3.333333333333333481e+00 3.401023213720444360e-02
3.363363363363363501e+00 3.956374572868015527e-03
3.393393393393393520e+00 -2.609755396298901742e-02
3.423423423423423539e+00 -5.613271445202044907e-02
3.453453453453453559e+00 -8.613031313291968916e-02
3.483483483483483578e+00 -1.160716015014184865e-01
3.513513513513513598e+00 -1.459378763102888721e-01
3.543543543543543617e+00 -1.757104795693412713e-01
3.573573573573573636e+00 -2.053707985454255036e-01
3.603603603603603656e+00 -2.349002657624305046e-01
3.633633633633633675e+00 -2.642803590012845483e-01
3.663663663663663694e+00 -2.934926012999549139e-01
3.693693693693693714e+00 -3.225185609534484410e-01
3.723723723723723733e+00 -3.513398515138104194e-01
3.753753753753753752e+00 -3.799381317901264765e-01
3.783783783783783772e+00 -4.082951058485198015e-01
3.813813813813813791e+00 -4.363925230121543652e-01
3.843843843843843811e+00 -4.642121778612323668e-01
3.873873873873873830e+00 -4.917359102329953435e-01
3.903903903903903849e+00 -5.189456052217243931e-01
3.933933933933933869e+00 -5.458233225732097571e-01
3.963963963963963888e+00 -5.723534049715405247e-01
3.993993993993993907e+00 -5.985115530026674513e-01
4.024024024024024371e+00 -6.242706037803815722e-01
4.054054054054054390e+00 -6.496040499928514844e-01
4.084084084084084409e+00 -6.744860399026264552e-01
4.114114114114114429e+00 -6.988913773466340906e-01
4.144144144144144448e+00 -7.227955217361814455e-01
4.174174174174174468e+00 -7.461745880569541356e-01
4.204204204204204487e+00 -7.690053468690174476e-01
4.234234234234234506e+00 -7.912652243068154512e-01
4.264264264264264526e+00 -8.129323020791712207e-01
4.294294294294294545e+00 -8.339853174692872795e-01
4.324324324324324564e+00 -8.544036633347444898e-01
4.354354354354354584e+00 -8.741673881075037178e-01
4.384384384384384603e+00 -8.932571957939043905e-01
4.414414414414414622e+00 -9.116544459746651619e-01
4.444444444444444642e+00 -9.293411538048834686e-01
4.474474474474474661e+00 -9.462999900140365295e-01
4.504504504504504681e+00 -9.625142809059797910e-01
4.534534534534534700e+00 -9.779680083589484818e-01
4.564564564564564719e+00 -9.926458098255565021e-01
4.594594594594594739e+00 -1.006532978332796979e+00
4.624624624624624758e+00 -1.019615462482041934e+00
4.654654654654654777e+00 -1.031879866449043170e+00
4.684684684684684797e+00 -1.043313449983930719e+00
4.714714714714714816e+00 -1.053904128411214058e+00
4.744744744744744835e+00 -1.063640472629781453e+00
4.774774774774774855e+00 -1.072511709112901279e+00
4.804804804804804874e+00 -1.080507719908219588e+00
4.834834834834834894e+00 -1.087619042637762323e+00
4.864864864864864913e+00 -1.093836870497934211e+00
4.894894894894894932e+00 -1.099153052259519869e+00
4.924924924924924952e+00 -1.103560092267681592e+00
4.954954954954954971e+00 -1.107051150441961784e+00
4.984984984984984990e+00 -1.109620042276281859e+00
5.015015015015015010e+00 -1.111263241604715901e+00
5.045045045045045029e+00 -1.111981674186021340e+00
5.075075075075075048e+00 -1.111774537929909545e+00
5.105105105105105068e+00 -1.110641876878921241e+00
5.135135135135135087e+00 -1.108584684673550536e+00
5.165165165165165106e+00 -1.105604904552243362e+00
5.195195195195195126e+00 -1.101705429351399479e+00
5.225225225225225145e+00 -1.096890101505370696e+00
5.255255255255255165e+00 -1.091163713046462425e+00
5.285285285285285184e+00 -1.084532005604932348e+00
5.315315315315315203e+00 -1.077001670408991085e+00
5.345345345345345223e+00 -1.068580348284802195e+00
5.375375375375375242e+00 -1.059276629656482394e+00
5.405405405405405261e+00 -1.049100054546100669e+00
5.435435435435435281e+00 -1.038061112573679168e+00
5.465465465465465300e+00 -1.026171242957192975e+00
5.495495495495495319e+00 -1.013442834512569668e+00
5.525525525525525339e+00 -9.998892256536902057e-01
5.555555555555555358e+00 -9.855247043923878181e-01
5.585585585585585378e+00 -9.703645083384488945e-01
5.615615615615615397e+00 -9.544248246996126506e-01
5.645645645645645416e+00 -9.377227902815712390e-01
5.675675675675675436e+00 -9.202764914879693059e-01
5.705705705705705455e+00 -9.021049643204046564e-01
5.735735735735735474e+00 -8.832281943784279221e-01
5.765765765765765494e+00 -8.636671168595425607e-01
5.795795795795795513e+00 -8.434436165592047452e-01
5.825825825825825532e+00 -8.225805278708235857e-01
5.855855855855855552e+00 -8.011016347857610187e-01
5.885885885885885571e+00 -7.790316708933320289e-01
5.915915915915915591e+00 -7.563963193808040941e-01
5.945945945945945610e+00 -7.332222130333976295e-01
5.975975975975975629e+00 -7.095369342342863206e-01
6.006006006006005649e+00 -6.853611742644000193e-01
6.036036036036035668e+00 -6.607020004563169957e-01
6.066066066066065687e+00 -6.355805149518447550e-01
6.096096096096095707e+00 -6.100183488939260323e-01
6.126126126126125726e+00 -5.840369811306953540e-01
6.156156156156155745e+00 -5.576577382154785933e-01
6.186186186186185765e+00 -5.309017944067935257e-01
6.216216216216215784e+00 -5.037901716683492737e-01
6.246246246246245803e+00 -4.763437396690468617e-01
6.276276276276275823e+00 -4.485832157829784950e-01
6.306306306306305842e+00 -4.205291650894283917e-01
6.336336336336335862e+00 -3.922020003728721171e-01
6.366366366366365881e+00 -3.636219821229769167e-01
6.396396396396395900e+00 -3.348092185346018268e-01
6.426426426426426808e+00 -3.057836655077964538e-01
6.456456456456456827e+00 -2.765651266478044712e-01
6.486486486486486847e+00 -2.471732532650588454e-01
6.516516516516516866e+00 -2.176275443751847782e-01
6.546546546546546885e+00 -1.879473466989993735e-01
6.576576576576576905e+00 -1.581518546625109156e-01
6.606606606606606924e+00 -1.282601103969196465e-01
6.636636636636636943e+00 -9.829100373861743289e-02
6.666666666666666963e+00 -6.826327222918737725e-02
6.696696696696696982e+00 -3.819550111540448434e-02
6.726726726726727001e+00 -8.106123349235550002e-03
6.756756756756757021e+00 2.198658041216161596e-02
6.786786786786787040e+00 5.206448180643719059e-02
6.816816816816817060e+00 8.210960476604933778e-02
6.846846846846847079e+00 1.121041255182657626e-01
6.876876876876877098e+00 1.420303725851612686e-01
6.906906906906907118e+00 1.718708267836198678e-01
6.936936936936937137e+00 2.016081212253340027e-01
6.966966966966967156e+00 2.312262890917073654e-01
6.996996996996997176e+00 2.607211173468267917e-01
7.027027027027027195e+00 2.900731940302537226e-01
7.057057057057057214e+00 3.192583503326120176e-01
7.087087087087087234e+00 3.482526485157143581e-01
7.117117117117117253e+00 3.770323819125622755e-01
7.147147147147147273e+00 4.055740749273462065e-01
7.177177177177177292e+00 4.338544830354454929e-01
7.207207207207207311e+00 4.618505927834283264e-01
7.237237237237237331e+00 4.895396217890519153e-01
7.267267267267267350e+00 5.168990187412618731e-01
7.297297297297297369e+00 5.439064634001933296e-01
7.327327327327327389e+00 5.705398665971699312e-01
7.357357357357357408e+00 5.967773702347043407e-01
7.387387387387387427e+00 6.225973472864976266e-01
7.417417417417417447e+00 6.479784017974403731e-01
7.447447447447447466e+00 6.728993688836120146e-01
7.477477477477477485e+00 6.973393147322801688e-01
7.507507507507507505e+00 7.212775366019019696e-01
7.537537537537537524e+00 7.446935628221234005e-01
7.567567567567567544e+00 7.675671527937789618e-01
7.597597597597597563e+00 7.898782969888922256e-01
7.627627627627627582e+00 8.116072169506760581e-01
7.657657657657657602e+00 8.327343652935311757e-01
7.687687687687687621e+00 8.532404257030481443e-01
7.717717717717717640e+00 8.731063129360059349e-01
7.747747747747747660e+00 8.923131728203724800e-01
7.777777777777777679e+00 9.108423822553050053e-01
7.807807807807807698e+00 9.286755492111486987e-01
7.837837837837837718e+00 9.457945127294381527e-01
7.867867867867867737e+00 9.621813429228972536e-01
7.897897897897897757e+00 9.778183409754379607e-01
7.927927927927927776e+00 9.926880391421618599e-01
7.957957957957957795e+00 1.006773200749358388e+00
7.987987987987987815e+00 1.020056820194507274e+00
8.018018018018018722e+00 1.032522122946276433e+00
8.048048048048048742e+00 1.044152565544521405e+00
8.078078078078078761e+00 1.054931835600288803e+00
8.108108108108108780e+00 1.064843851795812757e+00
8.138138138138138800e+00 1.073881501091119350e+00
8.168168168168168819e+00 1.082042409639475178e+00
8.198198198198198838e+00 1.089315517600171646e+00
8.228228228228228858e+00 1.095690880630369346e+00
8.258258258258258877e+00 1.101159702388989192e+00
8.288288288288288896e+00 1.105714334536712640e+00
8.318318318318318916e+00 1.109348276735981020e+00
8.348348348348348935e+00 1.112056176650995543e+00
8.378378378378378954e+00 1.113833829947718179e+00
8.408408408408408974e+00 1.114678180293871002e+00
8.438438438438438993e+00 1.114587319358936179e+00
8.468468468468469013e+00 1.113560486814155981e+00
8.498498498498499032e+00 1.111598070332533217e+00
8.528528528528529051e+00 1.108701605588830352e+00
8.558558558558559071e+00 1.104873776259570617e+00
8.588588588588589090e+00 1.100118414023037117e+00
8.618618618618619109e+00 1.094440498559273278e+00
8.648648648648649129e+00 1.087846157550082848e+00
8.678678678678679148e+00 1.080342666679029451e+00
8.708708708708709167e+00 1.071938449631437251e+00
8.738738738738739187e+00 1.062643078094390292e+00
8.768768768768769206e+00 1.052467271756733158e+00
8.798798798798799226e+00 1.041422898309070533e+00
8.828828828828829245e+00 1.029522973443767198e+00
8.858858858858859264e+00 1.016781660854948033e+00
8.888888888888889284e+00 1.003214272238498461e+00
8.918918918918919303e+00 9.888372672920638928e-01
8.948948948948949322e+00 9.736682537150499472e-01
8.978978978978979342e+00 9.577259872086224535e-01
9.009009009009009361e+00 9.410303714757075610e-01
9.039039039039039380e+00 9.236024582209916289e-01
9.069069069069069400e+00 9.054644471509207815e-01
9.099099099099099419e+00 8.866396859737021297e-01
9.129129129129129439e+00 8.671526703993022167e-01
9.159159159159159458e+00 8.470275871019454783e-01
9.189189189189189477e+00 8.262693440275348244e-01
9.219219219219219497e+00 8.048935899588468557e-01
9.249249249249249516e+00 7.829219903422659499e-01
9.279279279279279535e+00 7.603761403395823404e-01
9.309309309309309555e+00 7.372775648279932259e-01
9.339339339339339574e+00 7.136477184001021046e-01
9.369369369369369593e+00 6.895079853639188849e-01
9.399399399399399613e+00 6.648796797428599969e-01
9.429429429429429632e+00 6.397840452757486140e-01
9.459459459459459651e+00 6.142422554168140980e-01
9.489489489489489671e+00 5.882754133356922210e-01
9.519519519519519690e+00 5.619045519174256098e-01
9.549549549549549710e+00 5.351506337624629683e-01
9.579579579579579729e+00 5.080345511866599661e-01
9.609609609609609748e+00 4.805771262212781281e-01
9.639639639639639768e+00 4.527991106129859999e-01
9.669669669669669787e+00 4.247211858238583160e-01
9.699699699699699806e+00 3.963639630313764428e-01
9.729729729729729826e+00 3.677479831284283240e-01
9.759759759759759845e+00 3.388937167233081471e-01
9.789789789789789864e+00 3.098215641397167319e-01
9.819819819819819884e+00 2.805518554167611978e-01
9.849849849849849903e+00 2.511048503089551298e-01
9.879879879879879923e+00 2.215007382862194119e-01
9.909909909909909942e+00 1.917596385338800058e-01
9.939939939939939961e+00 1.619015999526705052e-01
9.969969969969969981e+00 1.319466011587305809e-01
1.000000000000000000e+01 1.019145504836063143e-01
1.003003003003003002e+01 7.182528597425041905e-02
1.006006006006006004e+01 4.169857539302190830e-02
1.009009009009009006e+01 1.155411621768642760e-02
1.012012012012012008e+01 -1.859048321878008919e-02
1.015015015015015010e+01 -4.873344290411224522e-02
1.018018018018018012e+01 -7.885858865817169105e-02
1.021021021021021014e+01 -1.089453750333472526e-01
1.024024024024024015e+01 -1.389732443815761831e-01
1.027027027027027017e+01 -1.689216268543441424e-01
1.030030030030030019e+01 -1.987699404026850025e-01
1.033033033033033021e+01 -2.284975907771812087e-01
1.036036036036036023e+01 -2.580839715279634738e-01
1.039039039039039025e+01 -2.875084640047108064e-01
1.042042042042042027e+01 -3.167504373566509823e-01
1.045045045045045029e+01 -3.457892485325594900e-01
1.048048048048048031e+01 -3.746042422807607797e-01
1.051051051051051033e+01 -4.031747511491274305e-01
1.054054054054054035e+01 -4.314800954850802617e-01
1.057057057057057037e+01 -4.594995834355888320e-01
1.060060060060060039e+01 -4.872125109471707738e-01
1.063063063063063041e+01 -5.145981617658920149e-01
1.066066066066066043e+01 -5.416358074373673892e-01
1.069069069069069045e+01 -5.683047073067595267e-01
1.072072072072072046e+01 -5.945841085187796304e-01
1.075075075075075048e+01 -6.204532460176874764e-01
1.078078078078078050e+01 -6.458913425472905256e-01
1.081081081081081052e+01 -6.708776086509457004e-01
1.084084084084084054e+01 -6.953912426715576078e-01
1.087087087087087056e+01 -7.194114307515792062e-01
1.090090090090090058e+01 -7.429173468330118046e-01
1.093093093093093060e+01 -7.658881526574055076e-01
1.096096096096096062e+01 -7.883029977658584375e-01
1.099099099099099064e+01 -8.101410194990170677e-01
1.102102102102102066e+01 -8.313813429970765556e-01
1.105105105105105068e+01 -8.520030811997801878e-01
1.108108108108108070e+01 -8.719853348464192688e-01
1.111111111111111072e+01 -8.913071924758345643e-01
1.114114114114114074e+01 -9.099477304264141919e-01
1.117117117117117076e+01 -9.278889780196469816e-01
1.120120120120120077e+01 -9.451186631744696864e-01
1.123123123123123079e+01 -9.616152940433291274e-01
1.126126126126126081e+01 -9.773577598523318644e-01
1.129129129129129083e+01 -9.923261130815284048e-01
1.132132132132132085e+01 -1.006501569464914647e+00
1.135135135135135087e+01 -1.019866507990430327e+00
1.138138138138138089e+01 -1.032404470899960236e+00
1.141141141141141091e+01 -1.044100163689333671e+00
1.144144144144144093e+01 -1.054939455108324653e+00
1.147147147147147095e+01 -1.064909377160651704e+00
1.150150150150150097e+01 -1.073998125103977852e+00
1.153153153153153099e+01 -1.082195057449910625e+00
1.156156156156156101e+01 -1.089490695964002720e+00
1.159159159159159103e+01 -1.095876725665750895e+00
1.162162162162162105e+01 -1.101345994828596631e+00
1.165165165165165106e+01 -1.105892514979926133e+00
1.168168168168168108e+01 -1.109511460901070112e+00
1.171171171171171110e+01 -1.112199170627304223e+00
1.174174174174174112e+01 -1.113953145447847737e+00
1.177177177177177114e+01 -1.114772049905865758e+00
1.180180180180180116e+01 -1.114655711798467230e+00
1.183183183183183118e+01 -1.113605122176706042e+00
1.186186186186186120e+01 -1.111622435345580584e+00
1.189189189189189122e+01 -1.108710968864033752e+00
1.192192192192192124e+01 -1.104875203544953166e+00
1.195195195195195126e+01 -1.100120783455170947e+00
1.198198198198198128e+01 -1.094454515915464166e+00
1.201201201201201130e+01 -1.087884371500553726e+00
1.204204204204204132e+01 -1.080419484039106148e+00
1.207207207207207134e+01 -1.072070150613731565e+00
1.210210210210210136e+01 -1.062847161622904713e+00
1.213213213213213137e+01 -1.052753590482658597e+00
1.216216216216216139e+01 -1.041799527487509147e+00
1.219219219219219141e+01 -1.029998582688390174e+00
1.222222222222222143e+01 -1.017364831898252664e+00
1.225225225225225145e+01 -1.003912816692066334e+00
1.228228228228228147e+01 -9.896575444068186345e-01
1.231231231231231149e+01 -9.746144881415153005e-01
1.234234234234234151e+01 -9.587995867571802444e-01
1.237237237237237153e+01 -9.422292448768552209e-01
1.240240240240240155e+01 -9.249203328856002715e-01
1.243243243243243157e+01 -9.068901869304935026e-01
1.246246246246246159e+01 -8.881566089206309744e-01
1.249249249249249161e+01 -8.687378665271272560e-01
1.252252252252252163e+01 -8.486526931831145371e-01
1.255255255255255165e+01 -8.279202880837434053e-01
1.258258258258258167e+01 -8.065603161861822912e-01
1.261261261261261168e+01 -7.845929082096182450e-01
1.264264264264264170e+01 -7.620386606352558267e-01
1.267267267267267172e+01 -7.389186357063179944e-01
1.270270270270270174e+01 -7.152543614280457707e-01
1.273273273273273176e+01 -6.910678315676981320e-01
1.276276276276276178e+01 -6.663815056545525639e-01
1.279279279279279180e+01 -6.412183089799041724e-01
1.282282282282282360e+01 -6.156016325970647962e-01
1.285285285285285362e+01 -5.895553333213692238e-01
1.288288288288288364e+01 -5.631037337301654233e-01
1.291291291291291365e+01 -5.362716221628209823e-01
1.294294294294294367e+01 -5.090842527207217749e-01
1.297297297297297369e+01 -4.815673452672718513e-01
1.300300300300300371e+01 -4.537470854278933263e-01
1.303303303303303373e+01 -4.256476216238971322e-01
1.306306306306306375e+01 -3.972756210205110050e-01
1.309309309309309377e+01 -3.686477306090736317e-01
1.312312312312312379e+01 -3.397836483936159113e-01
1.315315315315315381e+01 -3.107030079310457715e-01
1.318318318318318383e+01 -2.814253783311477797e-01
1.321321321321321385e+01 -2.519702642565836426e-01
1.324324324324324387e+01 -2.223571059228917068e-01
1.327327327327327389e+01 -1.926052790984873475e-01
1.330330330330330391e+01 -1.627340951046625794e-01
1.333333333333333393e+01 -1.327628008155865569e-01
1.336336336336336394e+01 -1.027105786583051850e-01
1.339339339339339396e+01 -7.259654661274100862e-02
1.342342342342342398e+01 -4.243975821169398976e-02
1.345345345345345400e+01 -1.225920254084028604e-02
1.348348348348348402e+01 1.792619576126641689e-02
1.351351351351351404e+01 4.809757650319618216e-02
1.354354354354354406e+01 7.823614394064193345e-02
1.357357357357357408e+01 1.083231667764193995e-01
1.360360360360360410e+01 1.383399781604680578e-01
1.363363363363363412e+01 1.682679756898501910e-01
1.366366366366366414e+01 1.980886214087511643e-01
1.369369369369369416e+01 2.277834418084795365e-01
1.372372372372372418e+01 2.573340278274669490e-01
1.375375375375375420e+01 2.867220348512685701e-01
1.378378378378378422e+01 3.159291827125623175e-01
1.381381381381381424e+01 3.449372556911489696e-01
1.384384384384384425e+01 3.737281025139534973e-01
1.387387387387387427e+01 4.022836363550224004e-01
1.390390390390390429e+01 4.305858348355263709e-01
1.393393393393393431e+01 4.586167400237598502e-01
1.396396396396396433e+01 4.863584584351388074e-01
1.399399399399399435e+01 5.137933153377608475e-01
1.402402402402402437e+01 5.409060370717029276e-01
1.405405405405405439e+01 5.676723838980819448e-01
1.408408408408408441e+01 5.940652308061087350e-01
1.411411411411411443e+01 6.200580556333241677e-01
1.414414414414414445e+01 6.456249390655991460e-01
1.417417417417417447e+01 6.707405646371352725e-01
1.420420420420420449e+01 6.953802187304636284e-01
1.423423423423423451e+01 7.195197905764459945e-01
1.426426426426426453e+01 7.431357722542739630e-01
1.429429429429429455e+01 7.662052586914696040e-01
1.432432432432432456e+01 7.887059476638849098e-01
1.435435435435435458e+01 8.106161397957021286e-01
1.438438438438438460e+01 8.319147385594336530e-01
1.441441441441441462e+01 8.525812502759223532e-01
1.444444444444444464e+01 8.725957841143405780e-01
1.447447447447447466e+01 8.919390520921915977e-01
1.450450450450450468e+01 9.105923690753082722e-01
1.453453453453453470e+01 9.285376527778540501e-01
1.456456456456456472e+01 9.457574237623224134e-01
1.459459459459459474e+01 9.622348054395366557e-01
1.462462462462462476e+01 9.779535240686509923e-01
1.465465465465465478e+01 9.928979087571488948e-01
1.468468468468468480e+01 1.007052891460844979e+00
1.471471471471471482e+01 1.020404006983882894e+00
1.474474474474474484e+01 1.032937392978737989e+00
1.477477477477477485e+01 1.044639789946214092e+00
1.480480480480480487e+01 1.055498541235446508e+00
1.483483483483483489e+01 1.065501593043900019e+00
1.486486486486486491e+01 1.074637494417369776e+00
1.489489489489489493e+01 1.082895397249980629e+00
1.492492492492492495e+01 1.090265056284188905e+00
1.495495495495495497e+01 1.096736829110779521e+00
1.498498498498498499e+01 1.102301676168868649e+00
1.501501501501501501e+01 1.106951160745902385e+00
1.504504504504504503e+01 1.110677448977656745e+00
1.507507507507507505e+01 1.113476238446674982e+00
1.510510510510510507e+01 1.115348274503538573e+00
1.513513513513513509e+01 1.116291174207048265e+00
1.516516516516516511e+01 1.116303433999077610e+00
1.519519519519519513e+01 1.115384547435475993e+00
1.522522522522522515e+01 1.113535005186068849e+00
1.525525525525525516e+01 1.110756295034657448e+00
1.528528528528528518e+01 1.107050901879018667e+00
1.531531531531531520e+01 1.102422307730905882e+00
1.534534534534534522e+01 1.096874991716047854e+00
1.537537537537537524e+01 1.090414430074149399e+00
1.540540540540540526e+01 1.083047096158891387e+00
1.543543543543543528e+01 1.074780460437930296e+00
1.546546546546546530e+01 1.065622990492898658e+00
1.549549549549549532e+01 1.055584151019404837e+00
1.552552552552552534e+01 1.044674403827033249e+00
1.555555555555555536e+01 1.032905207839344142e+00
1.558558558558558538e+01 1.020289019093873595e+00
1.561561561561561540e+01 1.006839290742133741e+00
1.564564564564564542e+01 9.925704730496121009e-01
1.567567567567567544e+01 9.774980133957726913e-01
1.570570570570570545e+01 9.616383562740553614e-01
1.573573573573573547e+01 9.450089432918754584e-01
1.576576576576576549e+01 9.276282131706246048e-01
1.579579579579579551e+01 9.095156017456700326e-01
1.582582582582582553e+01 8.906915419663552491e-01
1.585585585585585555e+01 8.711774638959992600e-01
1.588588588588588557e+01 8.509957947118972355e-01
1.591591591591591559e+01 8.301699587053201768e-01
1.594594594594594561e+01 8.087243772815146947e-01
1.597597597597597563e+01 7.866844689597038975e-01
1.600600600600600742e+01 7.640766493730848374e-01
1.603603603603603744e+01 7.409283312688346168e-01
1.606606606606606746e+01 7.172615856838236992e-01
1.609609609609609748e+01 6.930829829363592820e-01
1.612612612612612750e+01 6.684133759384219831e-01
1.615615615615615752e+01 6.432746654007026610e-01
1.618618618618618754e+01 6.176886016033772409e-01
1.621621621621621756e+01 5.916767843961072693e-01
1.624624624624624758e+01 5.652606631980393592e-01
1.627627627627627760e+01 5.384615369978053012e-01
1.630630630630630762e+01 5.113005543535221742e-01
1.633633633633633764e+01 4.837987133927924566e-01
1.636636636636636766e+01 4.559768618127036932e-01
1.639639639639639768e+01 4.278556968798287730e-01
1.642642642642642770e+01 3.994557654302258731e-01
1.645645645645645772e+01 3.707974638694383485e-01
1.648648648648648773e+01 3.419010381724948422e-01
1.651651651651651775e+01 3.127865838839091750e-01
1.654654654654654777e+01 2.834740461176806225e-01
1.657657657657657779e+01 2.539832195572936380e-01
1.660660660660660781e+01 2.243337484557175188e-01
1.663663663663663783e+01 1.945451266354074615e-01
1.666666666666666785e+01 1.646366974883038958e-01
1.669669669669669787e+01 1.346276539758316515e-01
1.672672672672672789e+01 1.045370386289016240e-01
1.675675675675675791e+01 7.438374354790999732e-02
1.678678678678678793e+01 4.418651040273757769e-02
1.681681681681681795e+01 1.396393043275101498e-02
1.684684684684684797e+01 -1.626555555319830759e-02
1.687687687687687799e+01 -4.648365717677294118e-02
1.690690690690690801e+01 -7.667223449015114767e-02
1.693693693693693803e+01 -1.068132979760251233e-01
1.696696696696696804e+01 -1.368890085476024421e-01
1.699699699699699806e+01 -1.668816775486053894e-01
1.702702702702702808e+01 -1.967752857468939853e-01
1.705705705705705810e+01 -2.265663345288117525e-01
1.708708708708708812e+01 -2.562357081534793468e-01
1.711711711711711814e+01 -2.857597758608585448e-01
1.714714714714714816e+01 -3.151150860917650842e-01
1.717717717717717818e+01 -3.442783664878683592e-01
1.720720720720720820e+01 -3.732265238916920858e-01
1.723723723723723822e+01 -4.019366443466133032e-01
1.726726726726726824e+01 -4.303859930968632619e-01
1.729729729729729826e+01 -4.585520145875270348e-01
1.732732732732732828e+01 -4.864123324645435176e-01
1.735735735735735830e+01 -5.139447495747054839e-01
1.738738738738738832e+01 -5.411272479656595857e-01
1.741741741741741833e+01 -5.679379888859064085e-01
1.744744744744744835e+01 -5.943553127848002493e-01
1.747747747747747837e+01 -6.203577393125494499e-01
1.750750750750750839e+01 -6.459239673202161747e-01
1.753753753753753841e+01 -6.710328748597165216e-01
1.756756756756756843e+01 -6.956635191838203003e-01
1.759759759759759845e+01 -7.197951367461512540e-01
1.762762762762762847e+01 -7.434071432011871705e-01
1.765765765765765849e+01 -7.664791334042594384e-01
1.768768768768768851e+01 -7.889908814115531577e-01
1.771771771771771853e+01 -8.109223404801083612e-01
1.774774774774774855e+01 -8.322536430678173502e-01
1.777777777777777857e+01 -8.529651008334275808e-01
1.780780780780780859e+01 -8.730372046365398875e-01
1.783783783783783861e+01 -8.924506245376089275e-01
1.786786786786786863e+01 -9.111862097979435138e-01
1.789789789789789864e+01 -9.292249888797058377e-01
1.792792792792792866e+01 -9.465481694459125794e-01
1.795795795795795868e+01 -9.631371383604337977e-01
1.798798798798798870e+01 -9.789734616879937068e-01
1.801801801801801872e+01 -9.940388846941701217e-01
1.804804804804804874e+01 -1.008315331845395013e+00
1.807807807807807876e+01 -1.021784906808954396e+00
1.810810810810810878e+01 -1.034429892452987332e+00
1.813813813813813880e+01 -1.046232750846487480e+00
1.816816816816816882e+01 -1.057179695773022177e+00
1.819819819819819884e+01 -1.067269384369687657e+00
1.822822822822822886e+01 -1.076489615257179455e+00
1.825825825825825888e+01 -1.084827843375566703e+00
1.828828828828828890e+01 -1.092272705657369336e+00
1.831831831831831892e+01 -1.098814021027558097e+00
1.834834834834834894e+01 -1.104442790403554531e+00
1.837837837837837895e+01 -1.109151196695230546e+00
1.840840840840840897e+01 -1.112932604804909076e+00
1.843843843843843899e+01 -1.115781561627363860e+00
1.846846846846846901e+01 -1.117693796049819221e+00
1.849849849849849903e+01 -1.118666218951950064e+00
1.852852852852852905e+01 -1.118696923205882543e+00
1.855855855855855907e+01 -1.117785183676193173e+00
1.858858858858858909e+01 -1.115931457219909051e+00
1.861861861861861911e+01 -1.113137382686508525e+00
1.864864864864864913e+01 -1.109405780917920081e+00
1.867867867867867915e+01 -1.104740654748523454e+00
1.870870870870870917e+01 -1.099147189005148961e+00
1.873873873873873919e+01 -1.092631750507077282e+00
1.876876876876876921e+01 -1.085201888066040565e+00
1.879879879879879923e+01 -1.076866332486221101e+00
1.882882882882882924e+01 -1.067634996564251981e+00
1.885885885885885926e+01 -1.057518975089217550e+00
1.888888888888888928e+01 -1.046530544842652066e+00
1.891891891891891930e+01 -1.034683164598541261e+00
1.894894894894894932e+01 -1.021991475123321225e+00
1.897897897897897934e+01 -1.008471299175879077e+00
1.900900900900900936e+01 -9.941396415075519633e-01
1.903903903903903938e+01 -9.790146888621287236e-01
1.906906906906906940e+01 -9.631158099758482249e-01
1.909909909909909942e+01 -9.464635555774005837e-01
1.912912912912912944e+01 -9.290796583879261661e-01
1.915915915915915946e+01 -9.109870331210163652e-01
1.918918918918918948e+01 -8.922097764827132682e-01
1.921921921921921950e+01 -8.727612470792383004e-01
1.924924924924924952e+01 -8.526476742091502192e-01
1.927927927927927954e+01 -8.318903754565626363e-01
1.930930930930930955e+01 -8.105107609055275386e-01
1.933933933933933957e+01 -7.885302120667739834e-01
1.936936936936936959e+01 -7.659700818777076536e-01
1.939939939939939961e+01 -7.428516947024109696e-01
1.942942942942942963e+01 -7.191963463316434213e-01
1.945945945945945965e+01 -6.950253039828413471e-01
1.948948948948948967e+01 -6.703598063001176000e-01
1.951951951951951969e+01 -6.452210633542624363e-01
1.954954954954954971e+01 -6.196302566427424052e-01
1.957957957957957973e+01 -5.936085390897012370e-01
1.960960960960960975e+01 -5.671770350459592880e-01
1.963963963963963977e+01 -5.403568402890139843e-01
1.966966966966966979e+01 -5.131690220230393784e-01
1.969969969969969981e+01 -4.856346188788866480e-01
1.972972972972972983e+01 -4.577746409140834860e-01
1.975975975975975985e+01 -4.296100696128345442e-01
1.978978978978978986e+01 -4.011618578860214890e-01
1.981981981981981988e+01 -3.724509300712026683e-01
1.984984984984984990e+01 -3.434981819326131669e-01
1.987987987987987992e+01 -3.143244806611651398e-01
1.990990990990990994e+01 -2.849506648744475346e-01
1.993993993993993996e+01 -2.553975446167261465e-01
1.996996996996996998e+01 -2.256859013589433971e-01
2.000000000000000000e+01 -1.958364879987189999e-01
2.003003003003003002e+01 -1.658700288603489614e-01
2.006006006006006004e+01 -1.358072196948063581e-01
2.009009009009009006e+01 -1.056687276797414476e-01
2.012012012012012008e+01 -7.547519141948055843e-02
2.015015015015015010e+01 -4.524607037446851804e-02
2.018018018018018012e+01 -1.498404039037642965e-02
2.021021021021021014e+01 1.529699180030771877e-02
2.024024024024024015e+01 4.557711252579881023e-02
2.027027027027027017e+01 7.583636374254495993e-02
2.030030030030030019e+01 1.060547430352275222e-01
2.033033033033033021e+01 1.362122036167610351e-01
2.036036036036036023e+01 1.662886543282931229e-01
2.039039039039039025e+01 1.962639596392048436e-01
2.042042042042042027e+01 2.261179396471102443e-01
2.045045045045045029e+01 2.558303700778568057e-01
2.048048048048048031e+01 2.853809822855250533e-01
2.051051051051051033e+01 3.147494632524286406e-01
2.054054054054054035e+01 3.439154555891146270e-01
2.057057057057057037e+01 3.728585575343632552e-01
2.060060060060060039e+01 4.015583229551878963e-01
2.063063063063063041e+01 4.299942613468350494e-01
2.066066066066066043e+01 4.581458378327846193e-01
2.069069069069069045e+01 4.859924731647496943e-01
2.072072072072072046e+01 5.135135437226762134e-01
2.075075075075075048e+01 5.406883815147438543e-01
2.078078078078078050e+01 5.674962741773651453e-01
2.081081081081081052e+01 5.939164649751861313e-01
2.084084084084084054e+01 6.199281528010858189e-01
2.087087087087087056e+01 6.455104921761761760e-01
2.090090090090090058e+01 6.706425932498027986e-01
2.093093093093093060e+01 6.953035217995444661e-01
2.096096096096096062e+01 7.194722992312131415e-01
2.099099099099099064e+01 7.431279025788536385e-01
2.102102102102102066e+01 7.662492645047446205e-01
2.105105105105105068e+01 7.888152732993970462e-01
2.108108108108108070e+01 8.108047728815562794e-01
2.111111111111111072e+01 8.321965627981997571e-01
2.114114114114114074e+01 8.529693982245388773e-01
2.117117117117117076e+01 8.731025928682747406e-01
2.120120120120120077e+01 8.925840340213048174e-01
2.123123123123123079e+01 9.113928077008696116e-01
2.126126126126126081e+01 9.295049843697202885e-01
2.129129129129129083e+01 9.468977706025027974e-01
2.132132132132132085e+01 9.635495090857578715e-01
2.135135135135135087e+01 9.794396786179209169e-01
2.138138138138138089e+01 9.945488941093219015e-01
2.141141141141141091e+01 1.008858906582185577e+00
2.144144144144144093e+01 1.022352603170631369e+00
2.147147147147147095e+01 1.035014007120673707e+00
2.150150150150150097e+01 1.046828277790220918e+00
2.153153153153153099e+01 1.057781710649077223e+00
2.156156156156156101e+01 1.067861737278940515e+00
2.159159159159159103e+01 1.077056925373403917e+00
2.162162162162162105e+01 1.085356978737954892e+00
2.165165165165165106e+01 1.092752737289975906e+00
2.168168168168168108e+01 1.099236177058744435e+00
2.171171171171171110e+01 1.104800410185431625e+00
2.174174174174174112e+01 1.109439684923104519e+00
2.177177177177177114e+01 1.113149385636723832e+00
2.180180180180180116e+01 1.115926032803145951e+00
2.183183183183183118e+01 1.117767283011121160e+00
2.186186186186186120e+01 1.118671928961294748e+00
2.189189189189189122e+01 1.118639899466206789e+00
2.192192192192192124e+01 1.117672259450292138e+00
2.195195195195195126e+01 1.115771209949879772e+00
2.198198198198198128e+01 1.112940088113194559e+00
2.201201201201201130e+01 1.109183367200354375e+00
2.204204204204204132e+01 1.104506656583373436e+00
2.207207207207207134e+01 1.098916701746159630e+00
2.210210210210210136e+01 1.092421384284516073e+00
2.213213213213213137e+01 1.085029721906140221e+00
2.216216216216216139e+01 1.076751868430624759e+00
2.219219219219219141e+01 1.067599113789456267e+00
2.222222222222222143e+01 1.057583448396169246e+00
2.225225225225225145e+01 1.046705857600040979e+00
2.228228228228228147e+01 1.034974758164922237e+00
2.231231231231231149e+01 1.022404735587946867e+00
2.234234234234234151e+01 1.009010787461044778e+00
2.237237237237237153e+01 9.948083234709400591e-01
2.240240240240240155e+01 9.798131653991526413e-01
2.243243243243243157e+01 9.640415471219977439e-01
2.246246246246246159e+01 9.475101146105853189e-01
2.249249249249249161e+01 9.302359259308208284e-01
2.252252252252252163e+01 9.122364512434049111e-01
2.255255255255255165e+01 8.935295728038334939e-01
2.258258258258258167e+01 8.741335849623974585e-01
2.261261261261261168e+01 8.540671941641833076e-01
2.264264264264264170e+01 8.333495189490722765e-01
2.267267267267267172e+01 8.120000899517409998e-01
2.270270270270270174e+01 7.900388499016617327e-01
2.273273273273273176e+01 7.674861536231012415e-01
2.276276276276276178e+01 7.443627680351216913e-01
2.279279279279279180e+01 7.206898721515810902e-01
2.282282282282282182e+01 6.964890570811317350e-01
2.285285285285285184e+01 6.717823260272217656e-01
2.288288288288288186e+01 6.465920942880942768e-01
2.291291291291291188e+01 6.209411892567876512e-01
2.294294294294294190e+01 5.948528504211353374e-01
2.297297297297297192e+01 5.683507293637661828e-01
2.300300300300300194e+01 5.414588897621043229e-01
2.303303303303303196e+01 5.142018073883688478e-01
2.306306306306306197e+01 4.866043701095739138e-01
2.309309309309309199e+01 4.586918778875292979e-01
2.312312312312312201e+01 4.304900427788401762e-01
2.315315315315315203e+01 4.020249889349061245e-01
2.318318318318318205e+01 3.733193306622662466e-01
2.321321321321321207e+01 3.443770076286811199e-01
2.324324324324324209e+01 3.152149522003135917e-01
2.327327327327327211e+01 2.858526020570953952e-01
2.330330330330330213e+01 2.563093608735828033e-01
2.333333333333333215e+01 2.266045983189564350e-01
2.336336336336336217e+01 1.967576500570211162e-01
2.339339339339339219e+01 1.667878177462061573e-01
2.342342342342342221e+01 1.367143690395652977e-01
2.345345345345345223e+01 1.065565375847766227e-01
2.348348348348348225e+01 7.633352302414253554e-02
2.351351351351351227e+01 4.606449099458975738e-02
2.354354354354354228e+01 1.576857312766949404e-02
2.357357357357357230e+01 -1.453513295044261966e-02
2.360360360360360232e+01 -4.482756361894674191e-02
2.363363363363363234e+01 -7.508968926241849084e-02
2.366366366366366236e+01 -1.053025142708092221e-01
2.369369369369369238e+01 -1.354470770394461399e-01
2.372372372372372240e+01 -1.655044499690313531e-01
2.375375375375375242e+01 -1.954557394656434299e-01
2.378378378378378244e+01 -2.252820859407359544e-01
2.381381381381381246e+01 -2.549646638111390251e-01
2.384384384384384248e+01 -2.844846814990568129e-01
2.387387387387387250e+01 -3.138233814320707804e-01
2.390390390390390252e+01 -3.429620400431366845e-01
2.393393393393393254e+01 -3.718819677705871296e-01
2.396396396396396256e+01 -4.005645090581290146e-01
2.399399399399399258e+01 -4.289910423548461971e-01
2.402402402402402259e+01 -4.571429801151971617e-01
2.405405405405405261e+01 -4.850017687990165749e-01
2.408408408408408263e+01 -5.125488888715143965e-01
2.411411411411411265e+01 -5.397658548032764347e-01
2.414414414414414267e+01 -5.666342435487824458e-01
2.417417417417417269e+01 -5.931379727189537432e-01
2.420420420420420271e+01 -6.192532751404820068e-01
2.423423423423423273e+01 -6.449525102724475989e-01
2.426426426426426275e+01 -6.702087338851804299e-01
2.429429429429429277e+01 -6.949956980602594037e-01
2.432432432432432279e+01 -7.192878511905125283e-01
2.435435435435435281e+01 -7.430603379800171382e-01
2.438438438438438283e+01 -7.662889994440995611e-01
2.441441441441441285e+01 -7.889503729093357842e-01
2.444444444444444287e+01 -8.110216920135503438e-01
2.447447447447447288e+01 -8.324808867058175466e-01
2.450450450450450290e+01 -8.533065832464603595e-01
2.453453453453453292e+01 -8.734781042070516310e-01
2.456456456456456294e+01 -8.929754684704127587e-01
2.459459459459459296e+01 -9.117793912306144666e-01
2.462462462462462298e+01 -9.298712839929769158e-01
2.465465465465465300e+01 -9.472332545740693721e-01
2.468468468468468302e+01 -9.638481071017100943e-01
2.471471471471471304e+01 -9.796993420149666676e-01
2.474474474474474306e+01 -9.947711560641560036e-01
2.477477477477477308e+01 -1.009048442310843896e+00
2.480480480480480310e+01 -1.022516790127846020e+00
2.483483483483483312e+01 -1.035162485199226046e+00
2.486486486486486314e+01 -1.046972509520297967e+00
2.489489489489489316e+01 -1.057934541397624439e+00
2.492492492492492318e+01 -1.068036955449017222e+00
2.495495495495495319e+01 -1.077268822603537846e+00
2.498498498498498321e+01 -1.085619910101496055e+00
2.501501501501501323e+01 -1.093080681494451811e+00
2.504504504504504325e+01 -1.099642296645213957e+00
2.507507507507507327e+01 -1.105296611727839995e+00
2.510510510510510329e+01 -1.110036179227636977e+00
2.513513513513513331e+01 -1.113854247941161724e+00
2.516516516516516333e+01 -1.116744762976219052e+00
2.519519519519519335e+01 -1.118702365751864214e+00
2.522522522522522337e+01 -1.119723901678282063e+00
2.525525525525525339e+01 -1.119810385815297238e+00
2.528528528528528341e+01 -1.118961886683197626e+00
2.531531531531531343e+01 -1.117179312671593649e+00
2.534534534534534345e+01 -1.114464511056611151e+00
2.537537537537537347e+01 -1.110820268000893840e+00
2.540540540540540349e+01 -1.106250308553600847e+00
2.543543543543543350e+01 -1.100759296650409169e+00
2.546546546546546352e+01 -1.094352835113511224e+00
2.549549549549549354e+01 -1.087037465651616852e+00
2.552552552552552356e+01 -1.078820668859952425e+00
2.555555555555555358e+01 -1.069710864220260849e+00
2.558558558558558360e+01 -1.059717410100801338e+00
2.561561561561561362e+01 -1.048850603756350086e+00
2.564564564564564719e+01 -1.037121681328198486e+00
2.567567567567567721e+01 -1.024542817844158904e+00
2.570570570570570723e+01 -1.011127127218555799e+00
2.573573573573573725e+01 -9.968886622522317165e-01
2.576576576576576727e+01 -9.818424146325461788e-01
2.579579579579579729e+01 -9.660043149333749080e-01
2.582582582582582731e+01 -9.493912326151106029e-01
2.585585585585585733e+01 -9.320209760246622732e-01
2.588588588588588735e+01 -9.139122923954557942e-01
2.591591591591591737e+01 -8.950848678474334630e-01
2.594594594594594739e+01 -8.755593273870545534e-01
2.597597597597597741e+01 -8.553572349072945391e-01
2.600600600600600742e+01 -8.345010931876457594e-01
2.603603603603603744e+01 -8.130143438941171974e-01
2.606606606606606746e+01 -7.909213675792345910e-01
2.609609609609609748e+01 -7.682474836820396558e-01
2.612612612612612750e+01 -7.450189505280916391e-01
2.615615615615615752e+01 -7.212629653294658771e-01
2.618618618618618754e+01 -6.970076641847543497e-01
2.621621621621621756e+01 -6.722718156676241730e-01
2.624624624624624758e+01 -6.470637891953185949e-01
2.627627627627627760e+01 -6.214053083177617509e-01
2.630630630630630762e+01 -5.953181562174109098e-01
2.633633633633633764e+01 -5.688239579166654014e-01
2.636636636636636766e+01 -5.419441802778669492e-01
2.639639639639639768e+01 -5.147001320032990046e-01
2.642642642642642770e+01 -4.871129636351877457e-01
2.645645645645645772e+01 -4.592036675557012448e-01
2.648648648648648773e+01 -4.309930779869498574e-01
2.651651651651651775e+01 -4.025018709909861658e-01
2.654654654654654777e+01 -3.737505644698047580e-01
2.657657657657657779e+01 -3.447595181653426710e-01
2.660660660660660781e+01 -3.155489336594790584e-01
2.663663663663663783e+01 -2.861388543740352453e-01
2.666666666666666785e+01 -2.565491655707748397e-01
2.669669669669669787e+01 -2.267995943514032886e-01
2.672672672672672789e+01 -1.969097096575687100e-01
2.675675675675675791e+01 -1.668989222708613385e-01
2.678678678678678793e+01 -1.367864848128131916e-01
2.681681681681681795e+01 -1.065914917448991250e-01
2.684684684684684797e+01 -7.633287936853550004e-02
2.687687687687687799e+01 -4.602942582508151581e-02
2.690690690690690801e+01 -1.569975109583787720e-02
2.693693693693693803e+01 1.463768299795176198e-02
2.696696696696696804e+01 4.496457279510190919e-02
2.699699699699699806e+01 7.526277279448501112e-02
2.702702702702702808e+01 1.055142956550313427e-01
2.705705705705705810e+01 1.357013121957282298e-01
2.708708708708708812e+01 1.658061513956220479e-01
2.711711711711711814e+01 1.958113003938161123e-01
2.714714714714714816e+01 2.256994044894713447e-01
2.717717717717717818e+01 2.554547653915520966e-01
2.720720720720720820e+01 2.850682031428148910e-01
2.723723723723723822e+01 3.145180858407066182e-01
2.726726726726726824e+01 3.437806392624375706e-01
2.729729729729729826e+01 3.728322765691329810e-01
2.732732732732732828e+01 4.016495983058326891e-01
2.735735735735735830e+01 4.302093924014913640e-01
2.738738738738738832e+01 4.584886341689784484e-01
2.741741741741741833e+01 4.864644863050783252e-01
2.744744744744744835e+01 5.141142988904898736e-01
2.747747747747747837e+01 5.414156093898272459e-01
2.750750750750750839e+01 5.683461426516187576e-01
2.753753753753753841e+01 5.948838109083077752e-01
2.756756756756756843e+01 6.210067137762527167e-01
2.759759759759759845e+01 6.466931382557263852e-01
2.762762762762762847e+01 6.719215587309166349e-01
2.765765765765765849e+01 6.966706369699258161e-01
2.768768768768768851e+01 7.209192221247715526e-01
2.771771771771771853e+01 7.446463507313855201e-01
2.774774774774774855e+01 7.678312467096150007e-01
2.777777777777777857e+01 7.904533213632214395e-01
2.780780780780780859e+01 8.124921733798816659e-01
2.783783783783783861e+01 8.339275888311863394e-01
2.786786786786786863e+01 8.547395411726419479e-01
2.789789789789789864e+01 8.749081912436690311e-01
2.792792792792792866e+01 8.944138872676035135e-01
2.795795795795795868e+01 9.132371648516955931e-01
2.798798798798798870e+01 9.313587469871101865e-01
2.801801801801801872e+01 9.487595440489277054e-01
2.804804804804804874e+01 9.654206537961425028e-01
2.807807807807807876e+01 9.813233613716643156e-01
2.810810810810810878e+01 9.964491393023173771e-01
2.813813813813813880e+01 1.010779647498840861e+00
2.816816816816816882e+01 1.024296733255888547e+00
2.819819819819819884e+01 1.036982431252029047e+00
2.822822822822822886e+01 1.048827634742346193e+00
2.825825825825825888e+01 1.059826432785934802e+00
2.828828828828828890e+01 1.069963866868432589e+00
2.831831831831831892e+01 1.079226160195688955e+00
2.834834834834834894e+01 1.087600743721388374e+00
2.837837837837837895e+01 1.095076256147050398e+00
2.840840840840840897e+01 1.101642543922029649e+00
2.843843843843843899e+01 1.107290661243515606e+00
2.846846846846846901e+01 1.112012870056532376e+00
2.849849849849849903e+01 1.115802640053939809e+00
2.852852852852852905e+01 1.118654648676432162e+00
2.855855855855855907e+01 1.120564781112538766e+00
2.858858858858858909e+01 1.121530130298623806e+00
2.861861861861861911e+01 1.121548996918886987e+00
2.864864864864864913e+01 1.120620889405362419e+00
2.867867867867867915e+01 1.118746523937919513e+00
2.870870870870870917e+01 1.115927824444262528e+00
2.873873873873873919e+01 1.112167922599930581e+00
2.876876876876876921e+01 1.107471157828298081e+00
2.879879879879879923e+01 1.101843077300574070e+00
2.882882882882882924e+01 1.095290435935802886e+00
2.885885885885885926e+01 1.087821196400863721e+00
2.888888888888888928e+01 1.079444529110470397e+00
2.891891891891891930e+01 1.070170812227172474e+00
2.894894894894894932e+01 1.060011631661353704e+00
2.897897897897897934e+01 1.048979781071233575e+00
2.900900900900900936e+01 1.037089261862865541e+00
2.903903903903903938e+01 1.024355283190139243e+00
2.906906906906906940e+01 1.010794261954778284e+00
2.909909909909909942e+01 9.964238228063420078e-01
2.912912912912912944e+01 9.812627981422240575e-01
2.915915915915915946e+01 9.653312281076534829e-01
2.918918918918918948e+01 9.486503605956942975e-01
2.921921921921921950e+01 9.312426512472453677e-01
2.924924924924924952e+01 9.131220530183765671e-01
2.927927927927927954e+01 8.942924946436680012e-01
2.930930930930930955e+01 8.747744331110829386e-01
2.933933933933933957e+01 8.545888170723383581e-01
2.936936936936936959e+01 8.337566608327173778e-01
2.939939939939939961e+01 8.122990443510682557e-01
2.942942942942942963e+01 7.902371132398051667e-01
2.945945945945945965e+01 7.675920787649079813e-01
2.948948948948948967e+01 7.443852178459220426e-01
2.951951951951951969e+01 7.206378730559583889e-01
2.954954954954954971e+01 6.963714526216937539e-01
2.957957957957957973e+01 6.716074304233705661e-01
2.960960960960960975e+01 6.463673459947966160e-01
2.963963963963963977e+01 6.206728045233456115e-01
2.966966966966966979e+01 5.945454768499569553e-01
2.969969969969969981e+01 5.680070994691355235e-01
2.972972972972972983e+01 5.410794745289519980e-01
2.975975975975975985e+01 5.137844698310422009e-01
2.978978978978978986e+01 4.861440188306084265e-01
2.981981981981981988e+01 4.581801206364178869e-01
2.984984984984984990e+01 4.299148400108038781e-01
2.987987987987987992e+01 4.013703073696650581e-01
2.990990990990990994e+01 3.725687187824662239e-01
2.993993993993993996e+01 3.435323359722368686e-01
2.996996996996996998e+01 3.142834863155731240e-01
3.000000000000000000e+01 2.848445628426363729e-01
