0.000000000000000000e+00 0.000000000000000000e+00
3.003003003003002977e-02 3.002920640558616461e-02
6.006006006006005954e-02 6.005346717612199819e-02
9.009009009009008584e-02 9.006771559534464122e-02
1.201201201201201191e-01 1.200667804066905126e-01
1.501501501501501523e-01 1.500467956360695410e-01
1.801801801801801717e-01 1.800023652203898705e-01
2.102102102102102188e-01 2.099267422278348616e-01
2.402402402402402382e-01 2.398123427094721594e-01
2.702702702702702853e-01 2.696507456992542906e-01
3.003003003003003046e-01 2.994326932140181086e-01
3.303303303303303240e-01 3.291480902534853481e-01
3.603603603603603434e-01 3.587860048002621816e-01
3.903903903903903627e-01 3.883346678198394408e-01
4.204204204204204376e-01 4.177814732605925063e-01
4.504504504504504570e-01 4.471129780537813070e-01
4.804804804804804763e-01 4.763149021135505423e-01
5.105105105105105512e-01 5.053721283369293493e-01
5.405405405405405705e-01 5.342687026038315246e-01
5.705705705705705899e-01 5.629878337770554131e-01
6.006006006006006093e-01 5.915118937022842971e-01
6.306306306306306286e-01 6.198224172080853966e-01
6.606606606606606480e-01 6.479001021059109799e-01
6.906906906906906674e-01 6.757248091900981413e-01
7.207207207207206867e-01 7.032755622378680238e-01
7.507507507507507061e-01 7.305305480093265968e-01
7.807807807807807254e-01 7.574671162474646557e-01
8.108108108108108558e-01 7.840617796781570448e-01
8.408408408408408752e-01 8.102902140101637674e-01
8.708708708708708945e-01 8.361324781299113162e-01
9.009009009009009139e-01 8.615782811829972854e-01
9.309309309309309333e-01 8.865971900273166284e-01
9.609609609609609526e-01 9.111578603525980480e-01
9.909909909909909720e-01 9.352298334199490304e-01
1.021021021021021102e+00 9.587835360618554015e-01
1.051051051051051122e+00 9.817902806821818817e-01
1.081081081081081141e+00 1.004222265256171420e+00
1.111111111111111160e+00 1.026052573330445972e+00
1.141141141141141180e+00 1.047255174023006052e+00
1.171171171171171199e+00 1.067804922023230851e+00
1.201201201201201219e+00 1.087677557591877786e+00
1.231231231231231238e+00 1.106849706561083391e+00
1.261261261261261257e+00 1.125298880334362206e+00
1.291291291291291277e+00 1.143003475886608333e+00
1.321321321321321296e+00 1.159942775764093437e+00
1.351351351351351315e+00 1.176096948084468963e+00
1.381381381381381335e+00 1.191447046536763477e+00
1.411411411411411354e+00 1.205975010381385770e+00
1.441441441441441373e+00 1.219663664450122198e+00
1.471471471471471393e+00 1.232496719146137787e+00
1.501501501501501412e+00 1.244458770443976903e+00
1.531531531531531432e+00 1.255535299889561696e+00
1.561561561561561451e+00 1.265712674600193433e+00
1.591591591591591470e+00 1.274978147264552053e+00
1.621621621621621712e+00 1.283319856142695503e+00
1.651651651651651731e+00 1.290726825066061290e+00
1.681681681681681750e+00 1.297188963437464926e+00
1.711711711711711770e+00 1.302697066231100376e+00
1.741741741741741789e+00 1.307242813992540498e+00
1.771771771771771808e+00 1.310818772838736823e+00
1.801801801801801828e+00 1.313418394458020000e+00
1.831831831831831847e+00 1.315036016110098016e+00
1.861861861861861867e+00 1.315667260357647139e+00
1.891891891891891886e+00 1.315313486409417809e+00
1.921921921921921905e+00 1.313976614477353255e+00
1.951951951951951925e+00 1.311658885863533852e+00
1.981981981981981944e+00 1.308363618294351216e+00
2.012012012012012185e+00 1.304095205920507983e+00
2.042042042042042205e+00 1.298859119317017141e+00
2.072072072072072224e+00 1.292661905483203366e+00
2.102102102102102243e+00 1.285511187842701908e+00
2.132132132132132263e+00 1.277415666243459258e+00
2.162162162162162282e+00 1.268385116957732484e+00
2.192192192192192302e+00 1.258430392682090337e+00
2.222222222222222321e+00 1.247563422537411704e+00
2.252252252252252340e+00 1.235797212068887152e+00
2.282282282282282360e+00 1.223145843246017606e+00
2.312312312312312379e+00 1.209624474462615229e+00
2.342342342342342398e+00 1.195249340536803651e+00
2.372372372372372418e+00 1.180037752711016630e+00
2.402402402402402437e+00 1.164008098651999390e+00
2.432432432432432456e+00 1.147179842450808396e+00
2.462462462462462476e+00 1.129573524622810243e+00
2.492492492492492495e+00 1.111210762107683214e+00
2.522522522522522515e+00 1.092114248269416388e+00
2.552552552552552534e+00 1.072307752896309641e+00
2.582582582582582553e+00 1.051816122200974091e+00
2.612612612612612573e+00 1.030665278820331654e+00
2.642642642642642592e+00 1.008882221815615488e+00
2.672672672672672611e+00 9.864950266723692129e-01
2.702702702702702631e+00 9.635328453004478044e-01
2.732732732732732650e+00 9.400259060340172557e-01
2.762762762762762669e+00 9.160055136315543578e-01
2.792792792792792689e+00 8.915040492758470325e-01
2.822822822822822708e+00 8.665540506755025074e-01
2.852852852852852727e+00 8.411698781579958206e-01
2.882882882882882747e+00 8.153709591148732283e-01
2.912912912912912766e+00 7.891819659897114647e-01
2.942942942942942786e+00 7.626268438489510748e-01
2.972972972972972805e+00 7.357288103818964142e-01
3.003003003003002824e+00 7.085103559007160934e-01
3.033033033033032844e+00 6.809932433404424224e-01
3.063063063063062863e+00 6.531985082589715219e-01
3.093093093093092882e+00 6.251464588370638786e-01
3.123123123123122902e+00 5.968566758783434567e-01
3.153153153153152921e+00 5.683480128092985861e-01
3.183183183183182940e+00 5.396385956792811855e-01
3.213213213213213404e+00 5.107458231605069843e-01
3.243243243243243423e+00 4.816863665480566326e-01
3.273273273273273443e+00 4.524761697598736476e-01
3.303303303303303462e+00 4.231304493367658015e-01
3.333333333333333481e+00 3.936636944424048434e-01
3.363363363363363501e+00 3.640896668633266664e-01
3.393393393393393520e+00 3.344214010089308076e-01
3.423423423423423539e+00 3.046712039114806148e-01
3.453453453453453559e+00 2.748506552261039682e-01
3.483483483483483578e+00 2.449706072307921145e-01
3.513513513513513598e+00 2.150411848264004444e-01
3.543543543543543617e+00 1.850717855366484921e-01
3.573573573573573636e+00 1.550710795081193805e-01
3.603603603603603656e+00 1.250470095102602652e-01
3.633633633633633675e+00 9.500679093538233477e-02
3.663663663663663694e+00 6.495691179866092124e-02
3.693693693693693714e+00 3.490313273813483441e-02
3.723723723723723733e+00 4.850487014707249855e-03
3.753753753753753752e+00 -2.519671948785540128e-02
3.783783783783783772e+00 -5.523659562086508795e-02
3.813813813813813791e+00 -8.527697065974473856e-02
3.843843843843843811e+00 -1.153139937416439859e-01
3.873873873873873830e+00 -1.453406704475758704e-01
3.903903903903903849e+00 -1.753493205862356463e-01
3.933933933933933869e+00 -2.053315781940006912e-01
3.963963963963963888e+00 -2.352783915349306587e-01
3.993993993993993907e+00 -2.651800231007672703e-01
4.024024024024024371e+00 -2.950260496109349262e-01
4.054054054054054390e+00 -3.248053620125389562e-01
4.084084084084084409e+00 -3.545061654803680629e-01
4.114114114114114429e+00 -3.841159794168927943e-01
4.144144144144144448e+00 -4.136216374522657668e-01
4.174174174174174468e+00 -4.430092874443218864e-01
4.204204204204204487e+00 -4.722643914785783492e-01
4.234234234234234506e+00 -5.013717258682341971e-01
4.264264264264264526e+00 -5.303153811541708729e-01
4.294294294294294545e+00 -5.590787621049519984e-01
4.324324324324324564e+00 -5.876445877168237075e-01
4.354354354354354584e+00 -6.159948912137130916e-01
4.384384384384384603e+00 -6.441110200472310865e-01
4.414414414414414622e+00 -6.719736358966698075e-01
4.444444444444444642e+00 -6.995627146690038822e-01
4.474474474474474661e+00 -7.268575464988896728e-01
4.504504504504504681e+00 -7.538367357486661646e-01
4.534534534534534700e+00 -7.804782010083546329e-01
4.564564564564564719e+00 -8.067591750956581986e-01
4.594594594594594739e+00 -8.326562050559622730e-01
4.624624624624624758e+00 -8.581451521623342238e-01
4.654654654654654777e+00 -8.832011919155243751e-01
4.684684684684684797e+00 -9.077988140439641196e-01
4.714714714714714816e+00 -9.319118225037679171e-01
4.744744744744744835e+00 -9.555133354787322952e-01
4.774774774774774855e+00 -9.785757853803354056e-01
4.804804804804804874e+00 -1.001070918847738023e+00
4.834834834834834894e+00 -1.022969796747783100e+00
4.864864864864864913e+00 -1.044245067381551761e+00
4.894894894894894932e+00 -1.064892990326300026e+00
4.924924924924924952e+00 -1.084890828335570045e+00
4.954954954954954971e+00 -1.104209392705828296e+00
4.984984984984984990e+00 -1.122820832754011899e+00
5.015015015015015010e+00 -1.140698635817529727e+00
5.045045045045045029e+00 -1.157817627254261295e+00
5.075075075075075048e+00 -1.174153970442556760e+00
5.105105105105105068e+00 -1.189685166781237591e+00
5.135135135135135087e+00 -1.204390055689596339e+00
5.165165165165165106e+00 -1.218248814607396202e+00
5.195195195195195126e+00 -1.231242958994871461e+00
5.225225225225225145e+00 -1.243355342332727709e+00
5.255255255255255165e+00 -1.254570156122140512e+00
5.285285285285285184e+00 -1.264872929884757857e+00
5.315315315315315203e+00 -1.274250531162697264e+00
5.345345345345345223e+00 -1.282691165518548448e+00
5.375375375375375242e+00 -1.290184376535371102e+00
5.405405405405405261e+00 -1.296721045816696671e+00
5.435435435435435281e+00 -1.302293392986526799e+00
5.465465465465465300e+00 -1.306894975689334881e+00
5.495495495495495319e+00 -1.310520689590064736e+00
5.525525525525525339e+00 -1.313166768374131266e+00
5.555555555555555358e+00 -1.314830783747420462e+00
5.585585585585585378e+00 -1.315511645436289401e+00
5.615615615615615397e+00 -1.315209601187565580e+00
5.645645645645645416e+00 -1.313926236768548250e+00
5.675675675675675436e+00 -1.311664475967006860e+00
5.705705705705705455e+00 -1.308428580591182389e+00
5.735735735735735474e+00 -1.304224150469786458e+00
5.765765765765765494e+00 -1.299058123452002000e+00
5.795795795795795513e+00 -1.292938775407482366e+00
5.825825825825825532e+00 -1.285875720226352437e+00
5.855855855855855552e+00 -1.277873290493302783e+00
5.885885885885885571e+00 -1.268933716991737848e+00
5.915915915915915591e+00 -1.259071044306418363e+00
5.945945945945945610e+00 -1.248300065304162265e+00
5.975975975975975629e+00 -1.236636172023767077e+00
6.006006006006005649e+00 -1.224095355676007468e+00
6.036036036036035668e+00 -1.210694206643637694e+00
6.066066066066065687e+00 -1.196449914481389820e+00
6.096096096096095707e+00 -1.181380267915974613e+00
6.126126126126125726e+00 -1.165503654846081094e+00
6.156156156156155745e+00 -1.148839062342376982e+00
6.186186186186185765e+00 -1.131406076647508030e+00
6.216216216216215784e+00 -1.113224883176098912e+00
6.246246246246245803e+00 -1.094316266514752334e+00
6.276276276276275823e+00 -1.074701610422049924e+00
6.306306306306305842e+00 -1.054402897828551344e+00
6.336336336336335862e+00 -1.033442710836794731e+00
6.366366366366365881e+00 -1.011844230721296922e+00
6.396396396396395900e+00 -9.896312379285530092e-01
6.426426426426426808e+00 -9.668281120770356729e-01
6.456456456456456827e+00 -9.434598319571987357e-01
6.486486486486486847e+00 -9.195519755314716104e-01
6.516516516516516866e+00 -8.951307199342630749e-01
6.546546546546546885e+00 -8.702228414719609395e-01
6.576576576576576905e+00 -8.448557156229308251e-01
6.606606606606606924e+00 -8.190573170375168299e-01
6.636636636636636943e+00 -7.928562195380418620e-01
6.666666666666666963e+00 -7.662815961188067515e-01
6.696696696696696982e+00 -7.393632189460913606e-01
6.726726726726727001e+00 -7.121314593581536956e-01
6.756756756756757021e+00 -6.846172513259608516e-01
6.786786786786787040e+00 -6.568392738944738296e-01
6.816816816816817060e+00 -6.288100703490182575e-01
6.846846846846847079e+00 -6.005480048835694085e-01
6.876876876876877098e+00 -5.720708027486780534e-01
6.906906906906907118e+00 -5.433955502514693503e-01
6.936936936936937137e+00 -5.145386947556433999e-01
6.966966966966967156e+00 -4.855160446814754671e-01
6.996996996996997176e+00 -4.563427695058153155e-01
7.027027027027027195e+00 -4.270333997620877620e-01
7.057057057057057214e+00 -3.976018270402921773e-01
7.087087087087087234e+00 -3.680613039870032632e-01
7.117117117117117253e+00 -3.384244443053701090e-01
7.147147147147147273e+00 -3.087032227551171348e-01
7.177177177177177292e+00 -2.789089751525430372e-01
7.207207207207207311e+00 -2.490523983705218991e-01
7.237237237237237331e+00 -2.191435503385024131e-01
7.267267267267267350e+00 -1.891918500425078808e-01
7.297297297297297369e+00 -1.592060775251371574e-01
7.327327327327327389e+00 -1.291943738855633184e-01
7.357357357357357408e+00 -9.916424127953415990e-02
7.387387387387387427e+00 -6.912254291937314221e-02
7.417417417417417447e+00 -3.907550307397777978e-02
7.447447447447447466e+00 -9.028707068820973625e-03
7.477477477477477485e+00 2.101289871404965481e-02
7.507507507507507505e+00 5.104500683601231881e-02
7.537537537537537524e+00 8.106394880186895691e-02
7.567567567567567544e+00 1.110666950598478975e-01
7.597597597597597563e+00 1.410508550016021934e-01
7.627627627627627582e+00 1.710146769622100660e-01
7.657657657657657602e+00 2.009570482201749053e-01
7.687687687687687621e+00 2.308774949974248258e-01
7.717717717717717640e+00 2.607749878113044262e-01
7.747747747747747660e+00 2.906394941115426622e-01
7.777777777777777679e+00 3.204562904076405649e-01
7.807807807807807698e+00 3.502102200621464156e-01
7.837837837837837718e+00 3.798857189842546056e-01
7.867867867867867737e+00 4.094668156298058026e-01
7.897897897897897757e+00 4.389371310012865623e-01
7.927927927927927776e+00 4.682798786478294950e-01
7.957957957957957795e+00 4.974778646652132652e-01
7.987987987987987815e+00 5.265134876958627030e-01
8.018018018018018722e+00 5.553687389288495257e-01
8.048048048048048742e+00 5.840252020998890625e-01
8.078078078078078761e+00 6.124640534913448064e-01
8.108108108108108780e+00 6.406660619322261940e-01
8.138138138138138800e+00 6.686115887981882722e-01
8.168168168168168819e+00 6.962805880115321422e-01
8.198198198198198838e+00 7.236526060412051820e-01
8.228228228228228858e+00 7.507067819028006017e-01
8.258258258258258877e+00 7.774218471585577772e-01
8.288288288288288896e+00 8.037761259173624717e-01
8.318318318318318916e+00 8.297475348347459478e-01
8.348348348348348935e+00 8.553135831128859667e-01
8.378378378378378954e+00 8.804513725006060110e-01
8.408408408408408974e+00 9.051375972933760616e-01
8.438438438438438993e+00 9.293485443333115992e-01
8.468468468468469013e+00 9.530600930091750467e-01
8.498498498498499032e+00 9.762477152563738825e-01
8.528528528528529051e+00 9.988864755569621945e-01
8.558558558558559071e+00 1.020951030939640569e+00
8.588588588588589090e+00 1.042415630979754315e+00
8.618618618618619109e+00 1.063254117799296683e+00
8.648648648648649129e+00 1.083439926066905201e+00
8.678678678678679148e+00 1.102946082997863897e+00
8.708708708708709167e+00 1.121745208354104406e+00
8.738738738738739187e+00 1.139809514444202421e+00
8.768768768768769206e+00 1.157110806123380575e+00
8.798798798798799226e+00 1.173620480793507781e+00
8.828828828828829245e+00 1.189309528403098337e+00
8.858858858858859264e+00 1.204148531447313264e+00
8.888888888888889284e+00 1.218118199391601042e+00
8.918918918918919303e+00 1.231239809471812885e+00
8.948948948948949322e+00 1.243498109831392417e+00
8.978978978978979342e+00 1.254873706320535964e+00
9.009009009009009361e+00 1.265348712897676364e+00
9.039039039039039380e+00 1.274906751629484081e+00
9.069069069069069400e+00 1.283532952690866313e+00
9.099099099099099419e+00 1.291213954364968108e+00
9.129129129129129439e+00 1.297937903043171026e+00
9.159159159159159458e+00 1.303694453225094474e+00
9.189189189189189477e+00 1.308474767518594595e+00
9.219219219219219497e+00 1.312271516639764934e+00
9.249249249249249516e+00 1.315078879412935997e+00
9.279279279279279535e+00 1.316892542770675689e+00
9.309309309309309555e+00 1.317709701753789320e+00
9.339339339339339574e+00 1.317529059511318934e+00
9.369369369369369593e+00 1.316350827300543980e+00
9.399399399399399613e+00 1.314176724486981307e+00
9.429429429429429632e+00 1.311009978544384724e+00
9.459459459459459651e+00 1.306855325054744998e+00
9.489489489489489671e+00 1.301719007708290965e+00
9.519519519519519690e+00 1.295608778303487529e+00
9.549549549549549710e+00 1.288533896747037444e+00
9.579579579579579729e+00 1.280505131053880863e+00
9.609609609609609748e+00 1.271534757347194455e+00
9.639639639639639768e+00 1.261636559858392737e+00
9.669669669669669787e+00 1.250825830927127180e+00
9.699699699699699806e+00 1.239119371001285996e+00
9.729729729729729826e+00 1.226535488636995463e+00
9.759759759759759845e+00 1.213094000498618152e+00
9.789789789789789864e+00 1.198816231358754703e+00
9.819819819819819884e+00 1.183725014098242490e+00
9.849849849849849903e+00 1.167831397589620179e+00
9.879879879879879923e+00 1.151143182711358515e+00
9.909909909909909942e+00 1.133684139298192228e+00
9.939939939939939961e+00 1.115478102175997188e+00
9.969969969969969981e+00 1.096548925232995630e+00
1.000000000000000000e+01 1.076920481419756603e+00
1.003003003003003002e+01 1.056616662749195301e+00
1.006006006006006004e+01 1.035661380296573952e+00
1.009009009009009006e+01 1.014078564199500487e+00
1.012012012012012008e+01 9.918921636579303147e-01
1.015015015015015010e+01 9.691261469341647672e-01
1.018018018018018012e+01 9.458045013528519895e-01
1.021021021021021014e+01 9.219512333009867167e-01
1.024024024024024015e+01 8.975903682279097184e-01
1.027027027027027017e+01 8.727459506453087990e-01
1.030030030030030019e+01 8.474420441272183524e-01
1.033033033033033021e+01 8.217027313100189190e-01
1.036036036036036023e+01 7.955521138924377400e-01
1.039039039039039025e+01 7.690143126355486469e-01
1.042042042042042027e+01 7.421134673627720613e-01
1.045045045045045029e+01 7.148737369598746616e-01
1.048048048048048031e+01 6.873192993749699387e-01
1.051051051051051033e+01 6.594743516185179733e-01
1.054054054054054035e+01 6.313631097633248812e-01
1.057057057057057037e+01 6.030098089445439236e-01
1.060060060060060039e+01 5.744387033596745074e-01
1.063063063063063041e+01 5.456740662685627408e-01
1.066066066066066043e+01 5.167401899934013221e-01
1.069069069069069045e+01 4.876613023971110294e-01
1.072072072072072046e+01 4.584498834967938308e-01
1.075075075075075048e+01 4.291123518040693141e-01
1.078078078078078050e+01 3.996592426815392951e-01
1.081081081081081052e+01 3.701008300509910365e-01
1.084084084084084054e+01 3.404471263933969705e-01
1.087087087087087056e+01 3.107078827489152539e-01
1.090090090090090058e+01 2.808925887168891578e-01
1.093093093093093060e+01 2.510104724558472888e-01
1.096096096096096062e+01 2.210705006835038677e-01
1.099099099099099064e+01 1.910813786767582290e-01
1.102102102102102066e+01 1.610515502716953762e-01
1.105105105105105068e+01 1.309891978635855381e-01
1.108108108108108070e+01 1.009022424068841128e-01
1.111111111111111072e+01 7.079834341523200125e-02
1.114114114114114074e+01 4.068489896145588425e-02
1.117117117117117076e+01 1.056904567756739022e-02
1.120120120120120077e+01 -1.954234124523657190e-02
1.123123123123123079e+01 -4.964264805657336854e-02
1.126126126126126081e+01 -7.972552244687525214e-02
1.129129129129129083e+01 -1.097848735473889725e-01
1.132132132132132085e+01 -1.398148719301757215e-01
1.135135135135135087e+01 -1.698099496081119097e-01
1.138138138138138089e+01 -1.997648000348878350e-01
1.141141141141141091e+01 -2.296743781050090139e-01
1.144144144144144093e+01 -2.595339001537951829e-01
1.147147147147147095e+01 -2.893388439573809645e-01
1.150150150150150097e+01 -3.190849487327154232e-01
1.153153153153153099e+01 -3.487682151375623985e-01
1.156156156156156101e+01 -3.783849052705000604e-01
1.159159159159159103e+01 -4.079315144150271188e-01
1.162162162162162105e+01 -4.373945397592662876e-01
1.165165165165165106e+01 -4.667507144382022077e-01
1.168168168168168108e+01 -4.959795337013512828e-01
1.171171171171171110e+01 -5.250602950459767326e-01
1.174174174174174112e+01 -5.539720982170881491e-01
1.177177177177177114e+01 -5.826938452074417185e-01
1.180180180180180116e+01 -6.112042402575403877e-01
1.183183183183183118e+01 -6.394817898556337532e-01
1.186186186186186120e+01 -6.675048027377177284e-01
1.189189189189189122e+01 -6.952513898875349874e-01
1.192192192192192124e+01 -7.226994645365747427e-01
1.195195195195195126e+01 -7.498267421640729680e-01
1.198198198198198128e+01 -7.766107404970121753e-01
1.201201201201201130e+01 -8.030287795101211934e-01
1.204204204204204132e+01 -8.290579814258758340e-01
1.207207207207207134e+01 -8.546752707144982253e-01
1.210210210210210136e+01 -8.798573740939572563e-01
1.213213213213213137e+01 -9.045808205299683546e-01
1.216216216216216139e+01 -9.288219412359934868e-01
1.219219219219219141e+01 -9.525568696732413798e-01
1.222222222222222143e+01 -9.757615415506671885e-01
1.225225225225225145e+01 -9.984116948249727175e-01
1.228228228228228147e+01 -1.020482869700606532e+00
1.231231231231231149e+01 -1.041950408629763292e+00
1.234234234234234151e+01 -1.062789456312385195e+00
1.237237237237237153e+01 -1.082974959696159534e+00
1.240240240240240155e+01 -1.102481667976522139e+00
1.243243243243243157e+01 -1.121284132596653382e+00
1.246246246246246159e+01 -1.139356707247482170e+00
1.249249249249249161e+01 -1.156673547867682839e+00
1.252252252252252163e+01 -1.173208612643676041e+00
1.255255255255255165e+01 -1.188935662009630301e+00
1.258258258258258167e+01 -1.203828258647459348e+00
1.261261261261261168e+01 -1.217865676510732520e+00
1.264264264264264170e+01 -1.231055611614914502e+00
1.267267267267267172e+01 -1.243381858976804866e+00
1.270270270270270174e+01 -1.254824928262350259e+00
1.273273273273273176e+01 -1.265366845917813565e+00
1.276276276276276178e+01 -1.274991155169773682e+00
1.279279279279279180e+01 -1.283682916025126630e+00
1.282282282282282360e+01 -1.291428705271084443e+00
1.285285285285285362e+01 -1.298216616475175167e+00
1.288288288288288364e+01 -1.304036259985243973e+00
1.291291291291291365e+01 -1.308878762929452044e+00
1.294294294294294367e+01 -1.312736769216277022e+00
1.297297297297297369e+01 -1.315604439534513004e+00
1.300300300300300371e+01 -1.317477451353270546e+00
1.303303303303303373e+01 -1.318352998921976216e+00
1.306306306306306375e+01 -1.318229793270373928e+00
1.309309309309309377e+01 -1.317108062208522723e+00
1.312312312312312379e+01 -1.314989550326798762e+00
1.315315315315315381e+01 -1.311877518995895109e+00
1.318318318318318383e+01 -1.307776746366819953e+00
1.321321321321321385e+01 -1.302693527370898829e+00
1.324324324324324387e+01 -1.296635673719773729e+00
1.327327327327327389e+01 -1.289612513905402214e+00
1.330330330330330391e+01 -1.281634893200059189e+00
1.333333333333333393e+01 -1.272715173656335574e+00
1.336336336336336394e+01 -1.262867234107138525e+00
1.339339339339339396e+01 -1.252106470165691654e+00
1.342342342342342398e+01 -1.240449794225535252e+00
1.345345345345345400e+01 -1.227915635460525623e+00
1.348348348348348402e+01 -1.214523939824836196e+00
1.351351351351351404e+01 -1.200296113385716179e+00
1.354354354354354406e+01 -1.185240289194631202e+00
1.357357357357357408e+01 -1.169367903576193912e+00
1.360360360360360410e+01 -1.152701712460407979e+00
1.363363363363363412e+01 -1.135264593722445259e+00
1.366366366366366414e+01 -1.117079547182644905e+00
1.369369369369369416e+01 -1.098169694606514257e+00
1.372372372372372418e+01 -1.078558279704727507e+00
1.375375375375375420e+01 -1.058268668133127477e+00
1.378378378378378422e+01 -1.037324347492723842e+00
1.381381381381381424e+01 -1.015748927329694240e+00
1.384384384384384425e+01 -9.935661391353842742e-01
1.387387387387387427e+01 -9.707998363463066216e-01
1.390390390390390429e+01 -9.474739943441421453e-01
1.393393393393393431e+01 -9.236127104557390055e-01
1.396396396396396433e+01 -8.992402039531131042e-01
1.399399399399399435e+01 -8.743808160534483065e-01
1.402402402402402437e+01 -8.490590099190958862e-01
1.405405405405405439e+01 -8.232993706575746362e-01
1.408408408408408441e+01 -7.971266053215713132e-01
1.411411411411411443e+01 -7.705655429089401931e-01
1.414414414414414445e+01 -7.436411343627034043e-01
1.417417417417417447e+01 -7.163784525710501505e-01
1.420420420420420449e+01 -6.888026923673381541e-01
1.423423423423423451e+01 -6.609391705300922126e-01
1.426426426426426453e+01 -6.328133257830048652e-01
1.429429429429429455e+01 -6.044507187949365035e-01
1.432432432432432456e+01 -5.758770321799151493e-01
1.435435435435435458e+01 -5.471180704971362330e-01
1.438438438438438460e+01 -5.181937771782644253e-01
1.441441441441441462e+01 -4.891121358672904651e-01
1.444444444444444464e+01 -4.598857481941632797e-01
1.447447447447447466e+01 -4.305269769519681766e-01
1.450450450450450468e+01 -4.010477893771902669e-01
1.453453453453453470e+01 -3.714597571497140205e-01
1.456456456456456472e+01 -3.417740563928235442e-01
1.459459459459459474e+01 -3.120014676732025816e-01
1.462462462462462476e+01 -2.821523760009347348e-01
1.465465465465465478e+01 -2.522367708295026323e-01
1.468468468468468480e+01 -2.222642460557890387e-01
1.471471471471471482e+01 -1.922440000200760224e-01
1.474474474474474484e+01 -1.621848355060453439e-01
1.477477477477477485e+01 -1.320951597407781231e-01
1.480480480480480487e+01 -1.019829843947556158e-01
1.483483483483483489e+01 -7.185592558185810441e-02
1.486486486486486491e+01 -4.172120385936595177e-02
1.489489489489489493e+01 -1.158564422795860249e-02
1.492492492492492495e+01 1.854432386828441803e-02
1.495495495495495497e+01 4.866266654188444729e-02
1.498498498498498499e+01 7.876374546196274196e-02
1.501501501501501501e+01 1.088423178542410330e-01
1.504504504504504503e+01 1.388935365010421918e-01
1.507507507507507505e+01 1.689129497412882319e-01
1.510510510510510507e+01 1.988965014705029732e-01
1.513513513513513509e+01 2.288405311408095999e-01
1.516516516516516511e+01 2.587417737609318813e-01
1.519519519519519513e+01 2.885973598961941722e-01
1.522522522522522515e+01 3.184048156685213016e-01
1.525525525525525516e+01 3.481620627564384618e-01
1.528528528528528518e+01 3.778609941956057594e-01
1.531531531531531520e+01 4.074809560781897932e-01
1.534534534534534522e+01 4.370035761786477124e-01
1.537537537537537524e+01 4.664102167917745234e-01
1.540540540540540526e+01 4.956819325401642384e-01
1.543543543543543528e+01 5.247994703742100420e-01
1.546546546546546530e+01 5.537432695721047349e-01
1.549549549549549532e+01 5.824934617398398462e-01
1.552552552552552534e+01 6.110298708112067434e-01
1.555555555555555536e+01 6.393320130477955221e-01
1.558558558558558538e+01 6.673790970389958943e-01
1.561561561561561540e+01 6.951500237019967443e-01
1.564564564564564542e+01 7.226233862817862397e-01
1.567567567567567544e+01 7.497774703511514982e-01
1.570570570570570545e+01 7.765902538106792541e-01
1.573573573573573547e+01 8.030394068887553027e-01
1.576576576576576549e+01 8.291022921415649449e-01
1.579579579579579551e+01 8.547559644530924317e-01
1.582582582582582553e+01 8.799771710351212972e-01
1.585585585585585555e+01 9.047423514272346923e-01
1.588588588588588557e+01 9.290276374968146067e-01
1.591591591591591559e+01 9.528088534390422026e-01
1.594594594594594561e+01 9.760615157768988137e-01
1.597597597597597563e+01 9.987608333611637246e-01
1.600600600600600742e+01 1.020881707370417502e+00
1.603603603603603744e+01 1.042398731311035887e+00
1.606606606606606746e+01 1.063286191017198234e+00
1.609609609609609748e+01 1.083518064650881296e+00
1.612612612612612750e+01 1.103068022701860773e+00
1.615615615615615752e+01 1.121909427987713093e+00
1.618618618618618754e+01 1.140015335653812079e+00
1.621621621621621756e+01 1.157358493173332281e+00
1.624624624624624758e+01 1.173911340347246535e+00
1.627627627627627760e+01 1.189646009304327290e+00
1.630630630630630762e+01 1.204546103382421851e+00
1.633633633633633764e+01 1.218618886130661716e+00
1.636636636636636766e+01 1.231844046725036668e+00
1.639639639639639768e+01 1.244200871722005219e+00
1.642642642642642770e+01 1.255670163044194210e+00
1.645645645645645772e+01 1.266234237980397026e+00
1.648648648648648773e+01 1.275876929185575159e+00
1.651651651651651775e+01 1.284583584680856649e+00
1.654654654654654777e+01 1.292341067853537195e+00
1.657657657657657779e+01 1.299137757457080156e+00
1.660660660660660781e+01 1.304963547611115660e+00
1.663663663663663783e+01 1.309809847801441274e+00
1.666666666666666785e+01 1.313669582880022002e+00
1.669669669669669787e+01 1.316537193064990285e+00
1.672672672672672789e+01 1.318408633940645780e+00
1.675675675675675791e+01 1.319281376457455135e+00
1.678678678678678793e+01 1.319154406932052881e+00
1.681681681681681795e+01 1.318028227047240541e+00
1.684684684684684797e+01 1.315904853851986633e+00
1.687687687687687799e+01 1.312787819761427999e+00
1.690690690690690801e+01 1.308682172556867584e+00
1.693693693693693803e+01 1.303594475385776663e+00
1.696696696696696804e+01 1.297532806761793278e+00
1.699699699699699806e+01 1.290506760564722688e+00
1.702702702702702808e+01 1.282527446040537811e+00
1.705705705705705810e+01 1.273607487801379001e+00
1.708708708708708812e+01 1.263761025825553386e+00
1.711711711711711814e+01 1.253003715457535971e+00
1.714714714714714816e+01 1.241352727407968759e+00
1.717717717717717818e+01 1.228826747753660964e+00
1.720720720720720820e+01 1.215445552676950314e+00
1.723723723723723822e+01 1.201214281814151352e+00
1.726726726726726824e+01 1.186146248473371134e+00
1.729729729729729826e+01 1.170263247311484456e+00
1.732732732732732828e+01 1.153587271630677646e+00
1.735735735735735830e+01 1.136140513378449901e+00
1.738738738738738832e+01 1.117945363147612614e+00
1.741741741741741833e+01 1.099024410176289823e+00
1.744744744744744835e+01 1.079400442347917544e+00
1.747747747747747837e+01 1.059096446191244656e+00
1.750750750750750839e+01 1.038135606880332240e+00
1.753753753753753841e+01 1.016541308234553576e+00
1.756756756756756843e+01 9.943371327185943631e-01
1.759759759759759845e+01 9.715468614424532801e-01
1.762762762762762847e+01 9.481944741614405370e-01
1.765765765765765849e+01 9.243041492761794320e-01
1.768768768768768851e+01 8.999002638326050185e-01
1.771771771771771853e+01 8.750073935219653265e-01
1.774774774774774855e+01 8.496503126808205852e-01
1.777777777777777857e+01 8.238539942910432234e-01
1.780780780780780859e+01 7.976436099798183132e-01
1.783783783783783861e+01 7.710445300196431262e-01
1.786786786786786863e+01 7.440823233283275773e-01
1.789789789789789864e+01 7.167827574689936698e-01
1.792792792792792866e+01 6.891717986500758286e-01
1.795795795795795868e+01 6.612756117253211219e-01
1.798798798798798870e+01 6.331205601937890393e-01
1.801801801801801872e+01 6.047332061998511588e-01
1.804804804804804874e+01 5.761403105331914798e-01
1.807807807807807876e+01 5.473646142698164185e-01
1.810810810810810878e+01 5.184149531616936146e-01
1.813813813813813880e+01 4.893046448546341520e-01
1.816816816816816882e+01 4.600471014511200440e-01
1.819819819819819884e+01 4.306552836245528537e-01
1.822822822822822886e+01 4.011417006192532497e-01
1.825825825825825888e+01 3.715184102504613950e-01
1.828828828828828890e+01 3.417970189043364471e-01
1.831831831831831892e+01 3.119886815379572798e-01
1.834834834834834894e+01 2.821041016793218170e-01
1.837837837837837895e+01 2.521535314273472550e-01
1.840840840840840897e+01 2.221467714518703396e-01
1.843843843843843899e+01 1.920931709936468113e-01
1.846846846846846901e+01 1.620016278643520158e-01
1.849849849849849903e+01 1.318805884465802936e-01
1.852852852852852905e+01 1.017380476938454792e-01
1.855855855855855907e+01 7.158154913058101254e-02
1.858858858858858909e+01 4.141818485213899503e-02
1.861861861861861911e+01 1.125459552479124437e-02
1.864864864864864913e+01 -1.890302961427137163e-02
1.867867867867867915e+01 -4.904895275693799128e-02
1.870870870870870917e+01 -7.917788752417953546e-02
1.873873873873873919e+01 -1.092849989660465981e-01
1.876876876876876921e+01 -1.393659035616712227e-01
1.879879879879879923e+01 -1.694166692192659029e-01
1.882882882882882924e+01 -1.994338152761232497e-01
1.885885885885885926e+01 -2.294143124986176563e-01
1.888888888888888928e+01 -2.593555830822033004e-01
1.891891891891891930e+01 -2.892555006514153648e-01
1.894894894894894932e+01 -3.191123902598699269e-01
1.897897897897897934e+01 -3.489220221064065486e-01
1.900900900900900936e+01 -3.786662204947131571e-01
1.903903903903903938e+01 -4.083271020491220926e-01
1.906906906906906940e+01 -4.378868730534289933e-01
1.909909909909909942e+01 -4.673273953759170540e-01
1.912912912912912944e+01 -4.966301864693568602e-01
1.915915915915915946e+01 -5.257764193710068312e-01
1.918918918918918948e+01 -5.547469227026126104e-01
1.921921921921921950e+01 -5.835221806704078418e-01
1.924924924924924952e+01 -6.120823330651132821e-01
1.927927927927927954e+01 -6.404071752619375779e-01
1.930930930930930955e+01 -6.684761582205769326e-01
1.933933933933933957e+01 -6.962683884852147731e-01
1.936936936936936959e+01 -7.237626281845224163e-01
1.939939939939939961e+01 -7.509372950316586248e-01
1.942942942942942963e+01 -7.777704623242697179e-01
1.945945945945945965e+01 -8.042398589444896828e-01
1.948948948948948967e+01 -8.303228693589399523e-01
1.951951951951951969e+01 -8.559965336187296270e-01
1.954954954954954971e+01 -8.812375473594550312e-01
1.957957957957957973e+01 -9.060222618012004903e-01
1.960960960960960975e+01 -9.303266837485378860e-01
1.963963963963963977e+01 -9.541264755905263240e-01
1.966966966966966979e+01 -9.773969553007126887e-01
1.969969969969969981e+01 -1.000113096437131421e+00
1.972972972972972983e+01 -1.022249528142304076e+00
1.975975975975975985e+01 -1.043780535143240762e+00
1.978978978978978986e+01 -1.064680057751438369e+00
1.981981981981981988e+01 -1.084921691862881676e+00
1.984984984984984990e+01 -1.104478688958042465e+00
1.987987987987987992e+01 -1.123323956101881071e+00
1.990990990990990994e+01 -1.141430055943844390e+00
1.993993993993993996e+01 -1.158769206717867650e+00
1.996996996996996998e+01 -1.175313282242372859e+00
2.000000000000000000e+01 -1.191033845734146501e+00
2.003003003003003002e+01 -1.205928408462569212e+00
2.006006006006006004e+01 -1.219994644116067173e+00
2.009009009009009006e+01 -1.233210427272608545e+00
2.012012012012012008e+01 -1.245555148824725622e+00
2.015015015015015010e+01 -1.257009715979515274e+00
2.018018018018018012e+01 -1.267556552258638725e+00
2.021021021021021014e+01 -1.277179597498321328e+00
2.024024024024024015e+01 -1.285864307849352794e+00
2.027027027027027017e+01 -1.293597655777087185e+00
2.030030030030030019e+01 -1.300368130061442695e+00
2.033033033033033021e+01 -1.306165735796902094e+00
2.036036036036036023e+01 -1.310981994392512062e+00
2.039039039039039025e+01 -1.314809943571884299e+00
2.042042042042042027e+01 -1.317644137373193969e+00
2.045045045045045029e+01 -1.319480646149181258e+00
2.048048048048048031e+01 -1.320317056567149816e+00
2.051051051051051033e+01 -1.320152471608968758e+00
2.054054054054054035e+01 -1.318987510571070443e+00
2.057057057057057037e+01 -1.316824309064452025e+00
2.060060060060060039e+01 -1.313666519014675238e+00
2.063063063063063041e+01 -1.309519308661865278e+00
2.066066066066066043e+01 -1.304389362560712584e+00
2.069069069069069045e+01 -1.298284881580471284e+00
2.072072072072072046e+01 -1.291215582904959858e+00
2.075075075075075048e+01 -1.283192700032561584e+00
2.078078078078078050e+01 -1.274228982776223429e+00
2.081081081081081052e+01 -1.264338697263457156e+00
2.084084084084084054e+01 -1.253537625936338440e+00
2.087087087087087056e+01 -1.241843067551507751e+00
2.090090090090090058e+01 -1.229273837180169249e+00
2.093093093093093060e+01 -1.215847807614183873e+00
2.096096096096096062e+01 -1.201567646866156025e+00
2.099099099099099064e+01 -1.186450964590620494e+00
2.102102102102102066e+01 -1.170519447798654911e+00
2.105105105105105068e+01 -1.153794995906949561e+00
2.108108108108108070e+01 -1.136299720737807162e+00
2.111111111111111072e+01 -1.118055946519143751e+00
2.114114114114114074e+01 -1.099086209884487575e+00
2.117117117117117076e+01 -1.079413259872980424e+00
2.120120120120120077e+01 -1.059060057929376075e+00
2.123123123123123079e+01 -1.038049777904041404e+00
2.126126126126126081e+01 -1.016405806052956162e+00
2.129129129129129083e+01 -9.941517410377126440e-01
2.132132132132132085e+01 -9.713113939255161311e-01
2.135135135135135087e+01 -9.479087881891845591e-01
2.138138138138138089e+01 -9.239681597071486285e-01
2.141141141141141091e+01 -8.995139567634518052e-01
2.144144144144144093e+01 -8.745708400477505418e-01
2.147147147147147095e+01 -8.491636826553137229e-01
2.150150150150150097e+01 -8.233175700870231095e-01
2.153153153153153099e+01 -7.970578002493734493e-01
2.156156156156156101e+01 -7.704098834544721441e-01
2.159159159159159103e+01 -7.433995424200390278e-01
2.162162162162162105e+01 -7.160527122694071434e-01
2.165165165165165106e+01 -6.883955405315224096e-01
2.168168168168168108e+01 -6.604543871409430666e-01
2.171171171171171110e+01 -6.322558244378400083e-01
2.174174174174174112e+01 -6.038266371679977818e-01
2.177177177177177114e+01 -5.751938224828130330e-01
2.180180180180180116e+01 -5.463780070632234809e-01
2.183183183183183118e+01 -5.173878856006659532e-01
2.186186186186186120e+01 -4.882372604459920273e-01
2.189189189189189122e+01 -4.589396117476642334e-01
2.192192192192192124e+01 -4.295079614246785638e-01
2.195195195195195126e+01 -3.999548731665640844e-01
2.198198198198198128e+01 -3.702924524333829348e-01
2.201201201201201130e+01 -3.405323464557306612e-01
2.204204204204204132e+01 -3.106857442347356058e-01
2.207207207207207134e+01 -2.807633765420596839e-01
2.210210210210210136e+01 -2.507755159198976624e-01
2.213213213213213137e+01 -2.207319766809774930e-01
2.216216216216216139e+01 -1.906421149085604227e-01
2.219219219219219141e+01 -1.605148284564408834e-01
2.222222222222222143e+01 -1.303585569489461582e-01
2.225225225225225145e+01 -1.001812817809371592e-01
2.228228228228228147e+01 -6.999052611780764988e-02
2.231231231231231149e+01 -3.979335489548463389e-02
2.234234234234234151e+01 -9.596374820428077435e-03
2.237237237237237153e+01 2.059426563036836910e-02
2.240240240240240155e+01 5.077287620937842583e-02
2.243243243243243157e+01 8.093422489854273927e-02
2.246246246246246159e+01 1.110735379092678832e-01
2.249249249249249161e+01 1.411864996824282459e-01
2.252252252252252163e+01 1.712692528883649201e-01
2.255255255255255165e+01 2.013183984268853699e-01
2.258258258258258167e+01 2.313309954272642077e-01
2.261261261261261168e+01 2.613045612482428615e-01
2.264264264264264170e+01 2.912370714780293524e-01
2.267267267267267172e+01 3.211269599342989611e-01
2.270270270270270174e+01 3.509687112526806985e-01
2.273273273273273176e+01 3.807433389464254803e-01
2.276276276276276178e+01 4.104331942152726898e-01
2.279279279279279180e+01 4.400204704133184319e-01
2.282282282282282182e+01 4.694870131413572123e-01
2.285285285285285184e+01 4.988143202468817705e-01
2.288288288288288186e+01 5.279835418240834688e-01
2.291291291291291188e+01 5.569754802138516814e-01
2.294294294294294190e+01 5.857705900037744051e-01
2.297297297297297192e+01 6.143489780281379264e-01
2.300300300300300194e+01 6.426904033679267103e-01
2.303303303303303196e+01 6.707742773508238443e-01
2.306306306306306197e+01 6.985796635512104835e-01
2.309309309309309199e+01 7.260852777901664057e-01
2.312312312312312201e+01 7.532694881354695671e-01
2.315315315315315203e+01 7.801103149015965466e-01
2.318318318318318205e+01 8.065854306497217685e-01
2.321321321321321207e+01 8.326721601877185019e-01
2.324324324324324209e+01 8.583474805701580834e-01
2.327327327327327211e+01 8.835880210983103611e-01
2.330330330330330213e+01 9.083700633201435837e-01
2.333333333333333215e+01 9.326695410303238454e-01
2.336336336336336217e+01 9.564620402702163071e-01
2.339339339339339219e+01 9.797227993278844194e-01
2.342342342342342221e+01 1.002426708738089145e+00
2.345345345345345223e+01 1.024548311282290847e+00
2.348348348348348225e+01 1.046061801988647399e+00
2.351351351351351227e+01 1.066941028132015745e+00
2.354354354354354228e+01 1.087159489233950893e+00
2.357357357357357230e+01 1.106690337062705698e+00
2.360360360360360232e+01 1.125506375633232636e+00
2.363363363363363234e+01 1.143580061207180920e+00
2.366366366366366236e+01 1.160883502292899383e+00
2.369369369369369238e+01 1.177388459645434704e+00
2.372372372372372240e+01 1.193066733997954376e+00
2.375375375375375242e+01 1.207919672633041674e+00
2.378378378378378244e+01 1.221941362840807122e+00
2.381381381381381246e+01 1.235109758052487683e+00
2.384384384384384248e+01 1.247404330841989761e+00
2.387387387387387250e+01 1.258806072925889419e+00
2.390390390390390252e+01 1.269297495163431710e+00
2.393393393393393254e+01 1.278862627556531573e+00
2.396396396396396256e+01 1.287487019249774045e+00
2.399399399399399258e+01 1.295157738530412717e+00
2.402402402402402259e+01 1.301863372828371279e+00
2.405405405405405261e+01 1.307594028716242862e+00
2.408408408408408263e+01 1.312341331909290476e+00
2.411411411411411265e+01 1.316098427265445681e+00
2.414414414414414267e+01 1.318859978785310805e+00
2.417417417417417269e+01 1.320622169612156727e+00
2.420420420420420271e+01 1.321382702031924428e+00
2.423423423423423273e+01 1.321140797473224548e+00
2.426426426426426275e+01 1.319897196507336501e+00
2.429429429429429277e+01 1.317654158848210244e+00
2.432432432432432279e+01 1.314415463352464286e+00
2.435435435435435281e+01 1.310186408019387239e+00
2.438438438438438283e+01 1.304973809990937594e+00
2.441441441441441285e+01 1.298786005551742395e+00
2.444444444444444287e+01 1.291632850129099230e+00
2.447447447447447288e+01 1.283525718292974460e+00
2.450450450450450290e+01 1.274477503756004548e+00
2.453453453453453292e+01 1.264502619373494952e+00
2.456456456456456294e+01 1.253616997143421452e+00
2.459459459459459296e+01 1.241838088206428381e+00
2.462462462462462298e+01 1.229184862845830395e+00
2.465465465465465300e+01 1.215674193783957913e+00
2.468468468468468302e+01 1.201308733654667282e+00
2.471471471471471304e+01 1.186107320263463549e+00
2.474474474474474306e+01 1.170091685413122917e+00
2.477477477477477308e+01 1.153283774763277147e+00
2.480480480480480310e+01 1.135705747830414003e+00
2.483483483483483312e+01 1.117379977987876805e+00
2.486486486486486314e+01 1.098329052465865097e+00
2.489489489489489316e+01 1.078575772351433981e+00
2.492492492492492318e+01 1.058143152588494784e+00
2.495495495495495319e+01 1.037054421977814389e+00
2.498498498498498321e+01 1.015333023177015459e+00
2.501501501501501323e+01 9.930026127005771031e-01
2.504504504504504325e+01 9.700870609198333216e-01
2.507507507507507327e+01 9.466104520629752272e-01
2.510510510510510329e+01 9.225970842150483797e-01
2.513513513513513331e+01 8.980714693179552288e-01
2.516516516516516333e+01 8.730583331704537819e-01
2.519519519519519335e+01 8.475826154281579372e-01
2.522522522522522337e+01 8.216694696035371503e-01
2.525525525525525339e+01 7.953442630659173229e-01
2.528528528528528341e+01 7.686325770414798031e-01
2.531531531531531343e+01 7.415602066132617187e-01
2.534534534534534345e+01 7.141531607211563104e-01
2.537537537537537347e+01 6.864376621619124874e-01
2.540540540540540349e+01 6.584401475891353828e-01
2.543543543543543350e+01 6.301872675132853541e-01
2.546546546546546352e+01 6.017058863016793158e-01
2.549549549549549354e+01 5.730230821784898509e-01
2.552552552552552356e+01 5.441578093410150974e-01
2.555555555555555358e+01 5.151191431952497624e-01
2.558558558558558360e+01 4.859209951427100882e-01
2.561561561561561362e+01 4.565768317100646345e-01
2.564564564564564719e+01 4.270996597576993681e-01
2.567567567567567721e+01 3.975020264797312630e-01
2.570570570570570723e+01 3.677960194039874287e-01
2.573573573573573725e+01 3.379932663920194313e-01
2.576576576576576727e+01 3.081049356390991867e-01
2.579579579579579729e+01 2.781417356742195701e-01
2.582582582582582731e+01 2.481139153600939729e-01
2.585585585585585733e+01 2.180312638931565239e-01
2.588588588588588735e+01 1.879031108035622566e-01
2.591591591591591737e+01 1.577383259551864980e-01
2.594594594594594739e+01 1.275453195456254796e-01
2.597597597597597741e+01 9.733204210619622598e-02
2.600600600600600742e+01 6.710598450193616671e-02
2.603603603603603744e+01 3.687417793160363555e-02
2.606606606606606746e+01 6.643193927677648603e-03
2.609609609609609748e+01 -2.358085564364242881e-02
2.612612612612612750e+01 -5.379231858243560538e-02
2.615615615615615752e+01 -8.398600235506170630e-02
2.618618618618618754e+01 -1.141571740941581536e-01
2.621621621621621756e+01 -1.443015605986431860e-01
2.624624624624624758e+01 -1.744153483337134158e-01
2.627627627627627760e+01 -2.044951834308450511e-01
2.630630630630630762e+01 -2.345381716877937839e-01
2.633633633633633764e+01 -2.645418785685941243e-01
2.636636636636636766e+01 -2.945043292035606219e-01
2.639639639639639768e+01 -3.244240083892866444e-01
2.642642642642642770e+01 -3.542939884508832793e-01
2.645645645645645772e+01 -3.840948456318606374e-01
2.648648648648648773e+01 -4.138089984600570870e-01
2.651651651651651775e+01 -4.434185702590542344e-01
2.654654654654654777e+01 -4.729053358433737975e-01
2.657657657657657779e+01 -5.022507215184777163e-01
2.660660660660660781e+01 -5.314358050807683753e-01
2.663663663663663783e+01 -5.604413158175880483e-01
2.666666666666666785e+01 -5.892476345072190647e-01
2.669669669669669787e+01 -6.178347934188846979e-01
2.672672672672672789e+01 -6.461824763127476112e-01
2.675675675675675791e+01 -6.742700184399108565e-01
2.678678678678678793e+01 -7.020764065424180966e-01
2.681681681681681795e+01 -7.295802788532528282e-01
2.684684684684684797e+01 -7.567599250963388258e-01
2.687687687687687799e+01 -7.835932864865400305e-01
2.690690690690690801e+01 -8.100579557296607724e-01
2.693693693693693803e+01 -8.361311770224452156e-01
2.696696696696696804e+01 -8.617898460525781346e-01
2.699699699699699806e+01 -8.870105099986840269e-01
2.702702702702702808e+01 -9.117693675303281120e-01
2.705705705705705810e+01 -9.360422688080154430e-01
2.708708708708708812e+01 -9.598047154831915728e-01
2.711711711711711814e+01 -9.830318606982419993e-01
2.714714714714714816e+01 -1.005698509086492498e+00
2.717717717717717818e+01 -1.027779116772208789e+00
2.720720720720720820e+01 -1.049247791370597760e+00
2.723723723723723822e+01 -1.070078291987805130e+00
2.726726726726726824e+01 -1.090244029220917454e+00
2.729729729729729826e+01 -1.109718065157961897e+00
2.732732732732732828e+01 -1.128473113377905346e+00
2.735735735735735830e+01 -1.146481538950654855e+00
2.738738738738738832e+01 -1.163715358437057645e+00
2.741741741741741833e+01 -1.180146239888901771e+00
2.744744744744744835e+01 -1.195746966995834049e+00
2.747747747747747837e+01 -1.210522814754469101e+00
2.750750750750750839e+01 -1.224463565011550070e+00
2.753753753753753841e+01 -1.237547311532412264e+00
2.756756756756756843e+01 -1.249753670160389962e+00
2.759759759759759845e+01 -1.261063778816816416e+00
2.762762762762762847e+01 -1.271460297501023851e+00
2.765765765765765849e+01 -1.280927408290343683e+00
2.768768768768768851e+01 -1.289450815340106082e+00
2.771771771771771853e+01 -1.297017744883640189e+00
2.774774774774774855e+01 -1.303616945232274338e+00
2.777777777777777857e+01 -1.309238686775335392e+00
2.780780780780780859e+01 -1.313874761980149408e+00
2.783783783783783861e+01 -1.317518485392041860e+00
2.786786786786786863e+01 -1.320164693634336528e+00
2.789789789789789864e+01 -1.321809745408356385e+00
2.792792792792792866e+01 -1.322451521493423598e+00
2.795795795795795868e+01 -1.322089424746859088e+00
2.798798798798798870e+01 -1.320724380103982742e+00
2.801801801801801872e+01 -1.318358834578113647e+00
2.804804804804804874e+01 -1.314996757260569415e+00
2.807807807807807876e+01 -1.310643639320667075e+00
2.810810810810810878e+01 -1.305306494005722406e+00
2.813813813813813880e+01 -1.298993856641050160e+00
2.816816816816816882e+01 -1.291715784629964281e+00
2.819819819819819884e+01 -1.283483857453777466e+00
2.822822822822822886e+01 -1.274311176671801382e+00
2.825825825825825888e+01 -1.264212365921346670e+00
2.828828828828828890e+01 -1.253203570917723386e+00
2.831831831831831892e+01 -1.241302459454239449e+00
2.834834834834834894e+01 -1.228528221402203302e+00
2.837837837837837895e+01 -1.214895923510076248e+00
2.840840840840840897e+01 -1.200408951521020118e+00
2.843843843843843899e+01 -1.185087511953853090e+00
2.846846846846846901e+01 -1.168953392460257978e+00
2.849849849849849903e+01 -1.152028595938864086e+00
2.852852852852852905e+01 -1.134335340535247649e+00
2.855855855855855907e+01 -1.115896059641930504e+00
2.858858858858858909e+01 -1.096733401898381421e+00
2.861861861861861911e+01 -1.076870231191015659e+00
2.864864864864864913e+01 -1.056329626653194076e+00
2.867867867867867915e+01 -1.035134882665225131e+00
2.870870870870870917e+01 -1.013309508854362884e+00
2.873873873873873919e+01 -9.908772300948076595e-01
2.876876876876876921e+01 -9.678619865077067175e-01
2.879879879879879923e+01 -9.442879334611535835e-01
2.882882882882882924e+01 -9.201794415701877172e-01
2.885885885885885926e+01 -8.955610966967956221e-01
2.888888888888888928e+01 -8.704576999499099577e-01
2.891891891891891930e+01 -8.448942676854096501e-01
2.894894894894894932e+01 -8.188960315061200035e-01
2.897897897897897934e+01 -7.924884382618130330e-01
2.900900900900900936e+01 -7.656971500492066873e-01
2.903903903903903938e+01 -7.385480442119660704e-01
2.906906906906906940e+01 -7.110672133407016648e-01
2.909909909909909942e+01 -6.832809652729711081e-01
2.912912912912912944e+01 -6.552158230932780825e-01
2.915915915915915946e+01 -6.268985251330729813e-01
2.918918918918918948e+01 -5.983560249707525758e-01
2.921921921921921950e+01 -5.696154088425829931e-01
2.924924924924924952e+01 -5.406910131450262114e-01
2.927927927927927954e+01 -5.115924098137869525e-01
2.930930930930930955e+01 -4.823344653258346271e-01
2.933933933933933957e+01 -4.529314662610339770e-01
2.936936936936936959e+01 -4.233971193021456303e-01
2.939939939939939961e+01 -3.937445512348257681e-01
2.942942942942942963e+01 -3.639863089476264024e-01
2.945945945945945965e+01 -3.341343594319952093e-01
2.948948948948948967e+01 -3.042000897822753069e-01
2.951951951951951969e+01 -2.741943071957059774e-01
2.954954954954954971e+01 -2.441272389724217229e-01
2.957957957957957973e+01 -2.140085325154529872e-01
2.960960960960960975e+01 -1.838472553307259338e-01
2.963963963963963977e+01 -1.536518950270622241e-01
2.966966966966966979e+01 -1.234303593161792389e-01
2.969969969969969981e+01 -9.318997601269024544e-02
2.972972972972972983e+01 -6.293749303410423046e-02
2.975975975975975985e+01 -3.267907840082540094e-02
2.978978978978978986e+01 -2.420320236154127613e-03
2.981981981981981988e+01 2.783377323371361012e-02
2.984984984984984990e+01 5.807877367968627969e-02
2.987987987987987992e+01 8.831083266977668433e-02
2.990990990990990994e+01 1.185266816691019631e-01
2.993993993993993996e+01 1.487236320398832579e-01
2.996996996996996998e+01 1.788995750414461572e-01
3.000000000000000000e+01 2.090529818302210296e-01
