0.000000000000000000e+00 0.000000000000000000e+00
3.003003003003002977e-02 3.002551789354557937e-02
6.006006006006005954e-02 6.002395657794962203e-02
9.009009009009008584e-02 8.996823848222543218e-02
1.201201201201201191e-01 1.198315453874071873e-01
1.501501501501501523e-01 1.495899383737916977e-01
1.801801801801801717e-01 1.792161338307637908e-01
2.102102102102102188e-01 2.086817743782336809e-01
2.402402402402402382e-01 2.379587852688201388e-01
2.702702702702702853e-01 2.670193743878507275e-01
3.003003003003003046e-01 2.958360322533615250e-01
3.303303303303303240e-01 3.243815320160972626e-01
3.603603603603603434e-01 3.526289294595115198e-01
3.903903903903903627e-01 3.805515629997662241e-01
4.204204204204204376e-01 4.081230536857323732e-01
4.504504504504504570e-01 4.353173051989892572e-01
4.804804804804804763e-01 4.621085038538250145e-01
5.105105105105105512e-01 4.884711185972364089e-01
5.405405405405405705e-01 5.143799010089287194e-01
5.705705705705705899e-01 5.398098853013162390e-01
6.006006006006006093e-01 5.647363883195215539e-01
6.306306306306306286e-01 5.891350095413759869e-01
6.606606606606606480e-01 6.129816310774197641e-01
6.906906906906906674e-01 6.362524176709014601e-01
7.207207207207206867e-01 6.589238166977785527e-01
7.507507507507507061e-01 6.809725581667168681e-01
7.807807807807807254e-01 7.023763047323662301e-01
8.108108108108108558e-01 7.231224867232608489e-01
8.408408408408408752e-01 7.431895430347863485e-01
8.708708708708708945e-01 7.625526152206292263e-01
9.009009009009009139e-01 7.811879763572241453e-01
9.309309309309309333e-01 7.990730310437542672e-01
9.609609609609609526e-01 8.161863154021511413e-01
9.909909909909909720e-01 8.325074970770947047e-01
1.021021021021021102e+00 8.480173752360133932e-01
1.051051051051051122e+00 8.626978805690838081e-01
1.081081081081081141e+00 8.765320752892310496e-01
1.111111111111111160e+00 8.895041531321289385e-01
1.141141141141141180e+00 9.015994393561990172e-01
1.171171171171171199e+00 9.128043907426119929e-01
1.201201201201201219e+00 9.231065955952862945e-01
1.231231231231231238e+00 9.324947737408892934e-01
1.261261261261261257e+00 9.409587765288364158e-01
1.291291291291291277e+00 9.484895868312914757e-01
1.321321321321321296e+00 9.550793190431670077e-01
1.351351351351351315e+00 9.607212190821234898e-01
1.381381381381381335e+00 9.654096643885703433e-01
1.411411411411411354e+00 9.691401639256649325e-01
1.441441441441441373e+00 9.719093581793130099e-01
1.471471471471471393e+00 9.737150191581691594e-01
1.501501501501501412e+00 9.745560503936359087e-01
1.531531531531531432e+00 9.744324869398646172e-01
1.561561561561561451e+00 9.733454953737545878e-01
1.591591591591591470e+00 9.712973737949537334e-01
1.621621621621621712e+00 9.682915518258581322e-01
1.651651651651651731e+00 9.643325906116130275e-01
1.681681681681681750e+00 9.594261828201111619e-01
1.711711711711711770e+00 9.535770856979696175e-01
1.741741741741741789e+00 9.467900260640750298e-01
1.771771771771771808e+00 9.390724732843654943e-01
1.801801801801801828e+00 9.304327498523877749e-01
1.831831831831831847e+00 9.208800297221491071e-01
1.861861861861861867e+00 9.104243383081166430e-01
1.891891891891891886e+00 8.990765524852175616e-01
1.921921921921921905e+00 8.868484005888394028e-01
1.951951951951951925e+00 8.737524624148298447e-01
1.981981981981981944e+00 8.598021692194967036e-01
2.012012012012012185e+00 8.450118037196077125e-01
2.042042042042042205e+00 8.293965000923912978e-01
2.072072072072072224e+00 8.129722439755354690e-01
2.102102102102102243e+00 7.957558724671885964e-01
2.132132132132132263e+00 7.777650741259594103e-01
2.162162162162162282e+00 7.590183889709164466e-01
2.192192192192192302e+00 7.395352084815884908e-01
2.222222222222222321e+00 7.193357755979647994e-01
2.252252252252252340e+00 6.984411847204942125e-01
2.282282282282282360e+00 6.768733817100862638e-01
2.312312312312312379e+00 6.546551638881101809e-01
2.342342342342342398e+00 6.318101800363956633e-01
2.372372372372372418e+00 6.083629303972326596e-01
2.402402402402402437e+00 5.843387666733708130e-01
2.432432432432432456e+00 5.597638920280203489e-01
2.462462462462462476e+00 5.346653610848512983e-01
2.492492492492492495e+00 5.090710799279940524e-01
2.522522522522522515e+00 4.830098061020391964e-01
2.552552552552552534e+00 4.565111486120374540e-01
2.582582582582582553e+00 4.296055679234994651e-01
2.612612612612612573e+00 4.023203982816760393e-01
2.642642642642642592e+00 3.746646947092484026e-01
2.672672672672672611e+00 3.466628565260962969e-01
2.702702702702702631e+00 3.183421586735259989e-01
2.732732732732732650e+00 2.897298502456422398e-01
2.762762762762762669e+00 2.608531544893482046e-01
2.792792792792792689e+00 2.317392688043457827e-01
2.822822822822822708e+00 2.024153647431349012e-01
2.852852852852852727e+00 1.729085880110143025e-01
2.882882882882882747e+00 1.432460584660809055e-01
2.912912912912912766e+00 1.134548701192302778e-01
2.942942942942942786e+00 8.356209113415635770e-02
2.972972972972972805e+00 5.359476382735162137e-02
3.003003003003002824e+00 2.357990466810683250e-02
3.033033033033032844e+00 -6.455495721488679894e-03
3.063063063063062863e+00 -3.648447256654702153e-02
3.093093093093092882e+00 -6.648008693938201041e-02
3.123123123123122902e+00 -9.641542575950901028e-02
3.153153153153152921e+00 -1.262636017936449306e-01
3.183183183183182940e+00 -1.559977536557081157e-01
3.213213213213213404e+00 -1.855910458068188440e-01
3.243243243243243423e+00 -2.150166685552979962e-01
3.273273273273273443e+00 -2.442478380566689422e-01
3.303303303303303462e+00 -2.732577963136559873e-01
3.333333333333333481e+00 -3.020198111761855930e-01
3.363363363363363501e+00 -3.305071763413853780e-01
3.393393393393393520e+00 -3.586932113535843403e-01
3.423423423423423539e+00 -3.865512616043137450e-01
3.453453453453453559e+00 -4.140546983323054597e-01
3.483483483483483578e+00 -4.411769186234935081e-01
3.513513513513513598e+00 -4.678913454110131820e-01
3.543543543543543617e+00 -4.941785116092321517e-01
3.573573573573573636e+00 -5.200204500444300937e-01
3.603603603603603656e+00 -5.453877962001342228e-01
3.633633633633633675e+00 -5.702519220979905823e-01
3.663663663663663694e+00 -5.945850513164159246e-01
3.693693693693693714e+00 -6.183602589905978775e-01
3.723723723723723733e+00 -6.415514718124950555e-01
3.753753753753753752e+00 -6.641334680308365046e-01
3.783783783783783772e+00 -6.860818774511225904e-01
3.813813813813813791e+00 -7.073731814356243319e-01
3.843843843843843811e+00 -7.279847129033834019e-01
3.873873873873873830e+00 -7.478946563302125705e-01
3.903903903903903849e+00 -7.670820477486952615e-01
3.933933933933933869e+00 -7.855267747481857743e-01
3.963963963963963888e+00 -8.032095764748093947e-01
3.993993993993993907e+00 -8.201120436314620621e-01
4.024024024024024371e+00 -8.362166184778109246e-01
4.054054054054054390e+00 -8.515065948302932286e-01
4.084084084084084409e+00 -8.659661180621175403e-01
4.114114114114114429e+00 -8.795801851032634122e-01
4.144144144144144448e+00 -8.923346444404808286e-01
4.174174174174174468e+00 -9.042161961172910933e-01
4.204204204204204487e+00 -9.152123917339858306e-01
4.234234234234234506e+00 -9.253116344476279842e-01
4.264264264264264526e+00 -9.345031789720508186e-01
4.294294294294294545e+00 -9.427771315778590289e-01
4.324324324324324564e+00 -9.501244500924275194e-01
4.354354354354354584e+00 -9.565369438999026253e-01
4.384384384384384603e+00 -9.620072739412011131e-01
4.414414414414414622e+00 -9.665289527140106252e-01
4.444444444444444642e+00 -9.700972790016197944e-01
4.474474474474474661e+00 -9.727119762327829378e-01
4.504504504504504681e+00 -9.743693273439504310e-01
4.534534534534534700e+00 -9.750660534451877082e-01
4.564564564564564719e+00 -9.748000055531133023e-01
4.594594594594594739e+00 -9.735701645908987345e-01
4.624624624624624758e+00 -9.713766413882689577e-01
4.654654654654654777e+00 -9.682206766815016907e-01
4.684684684684684797e+00 -9.641046411134280847e-01
4.714714714714714816e+00 -9.590320352334323895e-01
4.744744744744744835e+00 -9.530074894974518429e-01
4.774774774774774855e+00 -9.460367642679770039e-01
4.804804804804804874e+00 -9.381267498140514194e-01
4.834834834834834894e+00 -9.292854663112719571e-01
4.864864864864864913e+00 -9.195220638417883618e-01
4.894894894894894932e+00 -9.088468223943038105e-01
4.924924924924924952e+00 -8.972711518640743567e-01
4.954954954954954971e+00 -8.848075920529094862e-01
4.984984984984984990e+00 -8.714698126691716729e-01
5.015015015015015010e+00 -8.572726133277762672e-01
5.045045045045045029e+00 -8.422319235501922741e-01
5.075075075075075048e+00 -8.263648027644414640e-01
5.105105105105105068e+00 -8.096894403050989286e-01
5.135135135135135087e+00 -7.922251554132927476e-01
5.165165165165165106e+00 -7.739923972367044325e-01
5.195195195195195126e+00 -7.550127448295680388e-01
5.225225225225225145e+00 -7.353089071526717202e-01
5.255255255255255165e+00 -7.149047230733556191e-01
5.285285285285285184e+00 -6.938251613655139760e-01
5.315315315315315203e+00 -6.720963207095937975e-01
5.345345345345345223e+00 -6.497454296925950779e-01
5.375375375375375242e+00 -6.267976128159497007e-01
5.405405405405405261e+00 -6.032614116864998266e-01
5.435435435435435281e+00 -5.791585625690628403e-01
5.465465465465465300e+00 -5.545137940266799959e-01
5.495495495495495319e+00 -5.293519803130362078e-01
5.525525525525525339e+00 -5.036981413724599399e-01
5.555555555555555358e+00 -4.775774428399231497e-01
5.585585585585585378e+00 -4.510151960410417327e-01
5.615615615615615397e+00 -4.240368579920749115e-01
5.645645645645645416e+00 -3.966680313999256802e-01
5.675675675675675436e+00 -3.689344646621405821e-01
5.705705705705705455e+00 -3.408620518669098765e-01
5.735735735735735474e+00 -3.124768327930672052e-01
5.765765765765765494e+00 -2.838049929100900926e-01
5.795795795795795513e+00 -2.548728633780994457e-01
5.825825825825825532e+00 -2.257069210478598320e-01
5.855855855855855552e+00 -1.963337884607798123e-01
5.885885885885885571e+00 -1.667802338489109415e-01
5.915915915915915591e+00 -1.370731711349487680e-01
5.945945945945945610e+00 -1.072396599322325006e-01
5.975975975975975629e+00 -7.730690554474450860e-02
6.006006006006005649e+00 -4.730225896711159894e-02
6.036036036036035668e+00 -1.725321688460335068e-02
6.066066066066065687e+00 1.281257832686655274e-02
6.096096096096095707e+00 4.286733860074098956e-02
6.126126126126125726e+00 7.288313017981928876e-02
6.156156156156155745e+00 1.028318736162568969e-01
6.186186186186185765e+00 1.326853437715656003e-01
6.216216216216215784e+00 1.624151698166143021e-01
6.246246246246245803e+00 1.919928352316274678e-01
6.276276276276275823e+00 2.213926516571779746e-01
6.306306306306305842e+00 2.506037271214012763e-01
6.336336336336335862e+00 2.795985361432559713e-01
6.366366366366365881e+00 3.083466962731524208e-01
6.396396396396395900e+00 3.368183734150287378e-01
6.426426426426426808e+00 3.649842818263520083e-01
6.456456456456456827e+00 3.928156841181147385e-01
6.486486486486486847e+00 4.202843912548400729e-01
6.516516516516516866e+00 4.473627625545779640e-01
6.546546546546546885e+00 4.740237056889066714e-01
6.576576576576576905e+00 5.002406766829321505e-01
6.606606606606606924e+00 5.259876799152886084e-01
6.636636636636636943e+00 5.512392681181380594e-01
6.666666666666666963e+00 5.759705423771703803e-01
6.696696696696696982e+00 6.001571521316038105e-01
6.726726726726727001e+00 6.237752951741839524e-01
6.756756756756757021e+00 6.468017176511851041e-01
6.786786786786787040e+00 6.692137140624091485e-01
6.816816816816817060e+00 6.909891272611856650e-01
6.846846846846847079e+00 7.121063484543731503e-01
6.876876876876877098e+00 7.325443172023565763e-01
6.906906906906907118e+00 7.522825214190504983e-01
6.936936936936937137e+00 7.713009973718962797e-01
6.966966966966967156e+00 7.895803296818640904e-01
6.996996996996997176e+00 8.071016513234511303e-01
7.027027027027027195e+00 8.238466436246836277e-01
7.057057057057057214e+00 8.397975362671150634e-01
7.087087087087087234e+00 8.549371072858269471e-01
7.117117117117117253e+00 8.692486830694292621e-01
7.147147147147147273e+00 8.827161383600595768e-01
7.177177177177177292e+00 8.953238962533829337e-01
7.207207207207207311e+00 9.070569281985937371e-01
7.237237237237237331e+00 9.179019480841326128e-01
7.267267267267267350e+00 9.278547035051623038e-01
7.297297297297297369e+00 9.369035945572611324e-01
7.327327327327327389e+00 9.450359704263747718e-01
7.357357357357357408e+00 9.522404304331499869e-01
7.387387387387387427e+00 9.585068240329348566e-01
7.417417417417417447e+00 9.638262508157783293e-01
7.447447447447447466e+00 9.681910605064307784e-01
7.477477477477477485e+00 9.715948529643433362e-01
7.507507507507507505e+00 9.740324781836683377e-01
7.537537537537537524e+00 9.755000362932594316e-01
7.567567567567567544e+00 9.759948775566709145e-01
7.597597597597597563e+00 9.755156023721587299e-01
7.627627627627627582e+00 9.740620612726793581e-01
7.657657657657657602e+00 9.716353549258908151e-01
7.687687687687687621e+00 9.682378341341520978e-01
7.717717717717717640e+00 9.638730998345231837e-01
7.747747747747747660e+00 9.585460030987652535e-01
7.777777777777777679e+00 9.522626451333404685e-01
7.807807807807807698e+00 9.450303772794124146e-01
7.837837837837837718e+00 9.368578010128453259e-01
7.867867867867867737e+00 9.277547679442048612e-01
7.897897897897897757e+00 9.177323798187575488e-01
7.927927927927927776e+00 9.068029885164712312e-01
7.957957957957957795e+00 8.949801960520148425e-01
7.987987987987987815e+00 8.822788545747580757e-01
8.018018018018018722e+00 8.687150663687718266e-01
8.048048048048048742e+00 8.543061838528288598e-01
8.078078078078078761e+00 8.390708095804022548e-01
8.108108108108108780e+00 8.230287962396660717e-01
8.138138138138138800e+00 8.062012466534959065e-01
8.168168168168168819e+00 7.886105137794682252e-01
8.198198198198198838e+00 7.702695341001966067e-01
8.228228228228228858e+00 7.511892195412801509e-01
8.258258258258258877e+00 7.313904259719127277e-01
8.288288288288288896e+00 7.108943560278253582e-01
8.318318318318318916e+00 6.897225587855763118e-01
8.348348348348348935e+00 6.678969297625509949e-01
8.378378378378378954e+00 6.454397109169619506e-01
8.408408408408408974e+00 6.223734906478486373e-01
8.438438438438438993e+00 5.987212037950779830e-01
8.468468468468469013e+00 5.745061316393438311e-01
8.498498498498499032e+00 5.497519019021670506e-01
8.528528528528529051e+00 5.244824887458958695e-01
8.558558558558559071e+00 4.987222127737056532e-01
8.588588588588589090e+00 4.724957410295986815e-01
8.618618618618619109e+00 4.458280869984045380e-01
8.648648648648649129e+00 4.187446106057796658e-01
8.678678678678679148e+00 3.912710182182079777e-01
8.708708708708709167e+00 3.634333626430003572e-01
8.738738738738739187e+00 3.352580431282948248e-01
8.768768768768769206e+00 3.067718053630567043e-01
8.798798798798799226e+00 2.780017414770779016e-01
8.828828828828829245e+00 2.489752900409780700e-01
8.858858858858859264e+00 2.197202360662036114e-01
8.888888888888889284e+00 1.902647110050282864e-01
8.918918918918919303e+00 1.606371927505527708e-01
8.948948948948949322e+00 1.308665056367049884e-01
8.978978978978979342e+00 1.009818204382401108e-01
9.009009009009009361e+00 7.101265437074022469e-02
9.039039039039039380e+00 4.098887109061444267e-02
9.069069069069069400e+00 1.093372412030408150e-02
9.099099099099099419e+00 -1.914104675884205353e-02
9.129129129129129439e+00 -4.920657944440545717e-02
9.159159159159159458e+00 -7.923331751546947022e-02
9.189189189189189477e+00 -1.091920040150022586e-01
9.219219219219219497e+00 -1.390536814498568863e-01
9.249249249249249516e+00 -1.687896917907711902e-01
9.279279279279279535e+00 -1.983716764723678083e-01
9.309309309309309555e+00 -2.277715763931543180e-01
9.339339339339339574e+00 -2.569616319155230699e-01
9.369369369369369593e+00 -2.859143828657511599e-01
9.399399399399399613e+00 -3.146026685340005402e-01
9.429429429429429632e+00 -3.429996276743182415e-01
9.459459459459459651e+00 -3.710786985046357067e-01
9.489489489489489671e+00 -3.988136187067697902e-01
9.519519519519519690e+00 -4.261784254264215366e-01
9.549549549549549710e+00 -4.531474552731770689e-01
9.579579579579579729e+00 -4.796953443205076439e-01
9.609609609609609748e+00 -5.057970281057687645e-01
9.639639639639639768e+00 -5.314277416302014556e-01
9.669669669669669787e+00 -5.565630193589309327e-01
9.699699699699699806e+00 -5.811786952209674340e-01
9.729729729729729826e+00 -6.052509026092064426e-01
9.759759759759759845e+00 -6.287560743804277985e-01
9.789789789789789864e+00 -6.516709428552963645e-01
9.819819819819819884e+00 -6.739725398183616933e-01
9.849849849849849903e+00 -6.956381965180582494e-01
9.879879879879879923e+00 -7.166455436667055201e-01
9.909909909909909942e+00 -7.369725114405073496e-01
9.939939939939939961e+00 -7.565973294795531601e-01
9.969969969969969981e+00 -7.754985268878162863e-01
1.000000000000000000e+01 -7.936549390822421612e-01
1.003003003003003002e+01 -8.110543128576764849e-01
1.006006006006006004e+01 -8.276823301578783987e-01
1.009009009009009006e+01 -8.435172951861561463e-01
1.012012012012012008e+01 -8.585387436596133570e-01
1.015015015015015010e+01 -8.727274428091492675e-01
1.018018018018018012e+01 -8.860653913794587222e-01
1.021021021021021014e+01 -8.985358196290320620e-01
1.024024024024024015e+01 -9.101231893301550135e-01
1.027027027027027017e+01 -9.208131937689086888e-01
1.030030030030030019e+01 -9.305927577451701405e-01
1.033033033033033021e+01 -9.394500375726115848e-01
1.036036036036036023e+01 -9.473744210787007347e-01
1.039039039039039025e+01 -9.543565276047011325e-01
1.042042042042042027e+01 -9.603882080056713733e-01
1.045045045045045029e+01 -9.654625446504661035e-01
1.048048048048048031e+01 -9.695738514217349113e-01
1.051051051051051033e+01 -9.727176737159233255e-01
1.054054054054054035e+01 -9.748907884432720383e-01
1.057057057057057037e+01 -9.760912040278175716e-01
1.060060060060060039e+01 -9.763181604073918329e-01
1.063063063063063041e+01 -9.755721290336221152e-01
1.066066066066066043e+01 -9.738548128719315411e-01
1.069069069069069045e+01 -9.711691464015382858e-01
1.072072072072072046e+01 -9.675192956154565760e-01
1.075075075075075048e+01 -9.629106580204954691e-01
1.078078078078078050e+01 -9.573498626372601850e-01
1.081081081081081052e+01 -9.508447700001511071e-01
1.084084084084084054e+01 -9.434044721573642267e-01
1.087087087087087056e+01 -9.350392926708910313e-01
1.090090090090090058e+01 -9.257607866165183941e-01
1.093093093093093060e+01 -9.155817405838290179e-01
1.096096096096096062e+01 -9.045145127949548725e-01
1.099099099099099064e+01 -8.925639897427798397e-01
1.102102102102102066e+01 -8.797425001581918869e-01
1.105105105105105068e+01 -8.660644087480161568e-01
1.108108108108108070e+01 -8.515447149487969103e-01
1.111111111111111072e+01 -8.361990529267968597e-01
1.114114114114114074e+01 -8.200436915779979463e-01
1.117117117117117076e+01 -8.030955345281006741e-01
1.120120120120120077e+01 -7.853721201325244428e-01
1.123123123123123079e+01 -7.668916214764074368e-01
1.126126126126126081e+01 -7.476728463746068476e-01
1.129129129129129083e+01 -7.277352373716984291e-01
1.132132132132132085e+01 -7.070988717419770531e-01
1.135135135135135087e+01 -6.857844614894562651e-01
1.138138138138138089e+01 -6.638133533478685067e-01
1.141141141141141091e+01 -6.412075287806648927e-01
1.144144144144144093e+01 -6.179896039810155450e-01
1.147147147147147095e+01 -5.941828298718094814e-01
1.150150150150150097e+01 -5.698110921056542821e-01
1.153153153153153099e+01 -5.448989110648766454e-01
1.156156156156156101e+01 -5.194714418615218321e-01
1.159159159159159103e+01 -4.935544743373541099e-01
1.162162162162162105e+01 -4.671744330638565312e-01
1.165165165165165106e+01 -4.403583773422311554e-01
1.168168168168168108e+01 -4.131340012033985487e-01
1.171171171171171110e+01 -3.855296334079982845e-01
1.174174174174174112e+01 -3.575742374463887208e-01
1.177177177177177114e+01 -3.292974115386471112e-01
1.180180180180180116e+01 -3.007293886345697720e-01
1.183183183183183118e+01 -2.719010364136710267e-01
1.186186186186186120e+01 -2.428355246288442237e-01
1.189189189189189122e+01 -2.135440729482782629e-01
1.192192192192192124e+01 -1.840544301136632921e-01
1.195195195195195126e+01 -1.543949202743359894e-01
1.198198198198198128e+01 -1.245937459596061780e-01
1.201201201201201130e+01 -9.467898807875668732e-02
1.204204204204204132e+01 -6.467860592104368589e-02
1.207207207207207134e+01 -3.462043715569632085e-02
1.210210210210210136e+01 -4.532197831916995323e-03
1.213213213213213137e+01 2.555851762111888137e-02
1.216216216216216139e+01 5.562423639426250510e-02
1.219219219219219141e+01 8.563760729839231534e-02
1.222222222222222143e+01 1.155714007644131902e-01
1.225225225225225145e+01 1.453985088432571682e-01
1.228228228228228147e+01 1.750919452058829484e-01
1.231231231231231149e+01 2.046248451432761128e-01
1.234234234234234151e+01 2.339704655664496258e-01
1.237237237237237153e+01 2.631021850064424461e-01
1.240240240240240155e+01 2.919935036143207485e-01
1.243243243243243157e+01 3.206180431611778126e-01
1.246246246246246159e+01 3.489495470381334119e-01
1.249249249249249161e+01 3.769618802563343696e-01
1.252252252252252163e+01 4.046290294469545579e-01
1.255255255255255165e+01 4.319251028611943433e-01
1.258258258258258167e+01 4.588243303702809195e-01
1.261261261261261168e+01 4.853010634654688626e-01
1.264264264264264170e+01 5.113297752580387989e-01
1.267267267267267172e+01 5.368850604792992920e-01
1.270270270270270174e+01 5.619416354805841785e-01
1.273273273273273176e+01 5.864743382332563426e-01
1.276276276276276178e+01 6.104581283287032756e-01
1.279279279279279180e+01 6.338733372574533176e-01
1.282282282282282360e+01 6.567049911486879665e-01
1.285285285285285362e+01 6.789258209951543055e-01
1.288288288288288364e+01 7.005091364024726985e-01
1.291291291291291365e+01 7.214292970218723067e-01
1.294294294294294367e+01 7.416617125501931973e-01
1.297297297297297369e+01 7.611828427298856781e-01
1.300300300300300371e+01 7.799701973490109630e-01
1.303303303303303373e+01 7.980023362412403953e-01
1.306306306306306375e+01 8.152588692858563357e-01
1.309309309309309377e+01 8.317204564077514961e-01
1.312312312312312379e+01 8.473688075774289397e-01
1.315315315315315381e+01 8.621866828110027470e-01
1.318318318318318383e+01 8.761578921701972389e-01
1.321321321321321385e+01 8.892672957623473096e-01
1.324324324324324387e+01 9.015008037403986485e-01
1.327327327327327389e+01 9.128453763029069634e-01
1.330330330330330391e+01 9.232890236940394235e-01
1.333333333333333393e+01 9.328208062035728831e-01
1.336336336336336394e+01 9.414308341668953251e-01
1.339339339339339396e+01 9.491102679650047502e-01
1.342342342342342398e+01 9.558513180245105101e-01
1.345345345345345400e+01 9.616472448176318633e-01
1.348348348348348402e+01 9.664923588621985306e-01
1.351351351351351404e+01 9.703820207216516947e-01
1.354354354354354406e+01 9.733126410050420008e-01
1.357357357357357408e+01 9.752816803670314449e-01
1.360360360360360410e+01 9.762876495078921524e-01
1.363363363363363412e+01 9.763301091735069326e-01
1.366366366366366414e+01 9.754096701553692794e-01
1.369369369369369416e+01 9.735279932905831490e-01
1.372372372372372418e+01 9.706875626058412143e-01
1.375375375375375420e+01 9.668909159077893056e-01
1.378378378378378422e+01 9.621418319885809423e-01
1.381381381381381424e+01 9.564450906909406358e-01
1.384384384384384425e+01 9.498064196002288240e-01
1.387387387387387427e+01 9.422324940444418706e-01
1.390390390390390429e+01 9.337309370942121767e-01
1.393393393393393431e+01 9.243103195628082913e-01
1.396396396396396433e+01 9.139801600061344677e-01
1.399399399399399435e+01 9.027509247227309963e-01
1.402402402402402437e+01 8.906340277537742045e-01
1.405405405405405439e+01 8.776418308830765680e-01
1.408408408408408441e+01 8.637876436370861555e-01
1.411411411411411443e+01 8.490857232848874059e-01
1.414414414414414445e+01 8.335512748382003512e-01
1.417417417417417447e+01 8.172004510513811715e-01
1.420420420420420449e+01 8.000503524214223061e-01
1.423423423423423451e+01 7.821190271879516764e-01
1.426426426426426453e+01 7.634254713332336850e-01
1.429429429429429455e+01 7.439896285821682165e-01
1.432432432432432456e+01 7.238323904022914146e-01
1.435435435435435458e+01 7.029755960037753493e-01
1.438438438438438460e+01 6.814420323394280166e-01
1.441441441441441462e+01 6.592554341046936717e-01
1.444444444444444464e+01 6.364404837376520518e-01
1.447447447447447466e+01 6.130228114190192645e-01
1.450450450450450468e+01 5.890289950721470102e-01
1.453453453453453470e+01 5.644865603630238038e-01
1.456456456456456472e+01 5.394239807002729759e-01
1.459459459459459474e+01 5.138706772351546714e-01
1.462462462462462476e+01 4.878570188615646286e-01
1.465465465465465478e+01 4.614038283953831310e-01
1.468468468468468480e+01 4.345221262272335738e-01
1.471471471471471482e+01 4.072383768613552224e-01
1.474474474474474484e+01 3.795793440542247765e-01
1.477477477477477485e+01 3.515718091575846804e-01
1.480480480480480487e+01 3.232425711184430672e-01
1.483483483483483489e+01 2.946184464790733148e-01
1.486486486486486491e+01 2.657262693770148232e-01
1.489489489489489493e+01 2.365928915450724312e-01
1.492492492492492495e+01 2.072451823113164449e-01
1.495495495495495497e+01 1.777100285990830808e-01
1.498498498498498499e+01 1.480143349269739672e-01
1.501501501501501501e+01 1.181850234088562823e-01
1.504504504504504503e+01 8.824903375386300430e-02
1.507507507507507505e+01 5.823332326639263368e-02
1.510510510510510507e+01 2.816486684610924884e-02
1.513513513513513509e+01 -1.929343012057493922e-03
1.516516516516516511e+01 -3.202229621791208292e-02
1.519519519519519513e+01 -6.208696508599365060e-02
1.522522522522522515e+01 -9.209630433557591811e-02
1.525525525525525516e+01 -1.220232510906662515e-01
1.528528528528528518e+01 -1.518407248800073273e-01
1.531531531531531520e+01 -1.815216276370753556e-01
1.534534534534534522e+01 -2.110388437000816353e-01
1.537537537537537524e+01 -2.403652398119715539e-01
1.540540540540540526e+01 -2.694736651204246991e-01
1.543543543543543528e+01 -2.983369511778554140e-01
1.546546546546546530e+01 -3.269279119414123524e-01
1.549549549549549532e+01 -3.552193437729782577e-01
1.552552552552552534e+01 -3.831840254391706280e-01
1.555555555555555536e+01 -4.107960576746176318e-01
1.558558558558558538e+01 -4.380418871315250318e-01
1.561561561561561540e+01 -4.648953264787337725e-01
1.564564564564564542e+01 -4.913265775657492673e-01
1.567567567567567544e+01 -5.173066097410653486e-01
1.570570570570570545e+01 -5.428071598521641006e-01
1.573573573573573547e+01 -5.678007322455160821e-01
1.576576576576576549e+01 -5.922605987665802152e-01
1.579579579579579551e+01 -6.161607987598038960e-01
1.582582582582582553e+01 -6.394761390686227731e-01
1.585585585585585555e+01 -6.621821940354606362e-01
1.588588588588588557e+01 -6.842553055017304153e-01
1.591591591591591559e+01 -7.056725828078325158e-01
1.594594594594594561e+01 -7.264119027931563721e-01
1.597597597597597563e+01 -7.464519097960795602e-01
1.600600600600600742e+01 -7.657720156539691292e-01
1.603603603603603744e+01 -7.843523997031769390e-01
1.606606606606606746e+01 -8.021740087790472096e-01
1.609609609609609748e+01 -8.192185572159109697e-01
1.612612612612612750e+01 -8.354685268470873893e-01
1.615615615615615752e+01 -8.509071670048850011e-01
1.618618618618618754e+01 -8.655184945205993685e-01
1.621621621621621756e+01 -8.792872937245155285e-01
1.624624624624624758e+01 -8.921991164459062151e-01
1.627627627627627760e+01 -9.042402820130330809e-01
1.630630630630630762e+01 -9.153978772531456976e-01
1.633633633633633764e+01 -9.256597564924822219e-01
1.636636636636636766e+01 -9.350145415562692852e-01
1.639639639639639768e+01 -9.434516217687218820e-01
1.642642642642642770e+01 -9.509611539530430369e-01
1.645645645645645772e+01 -9.575340624314246929e-01
1.648648648648648773e+01 -9.631635874536872421e-01
1.651651651651651775e+01 -9.678482836695161406e-01
1.654654654654654777e+01 -9.715817390428098665e-01
1.657657657657657779e+01 -9.743580193385728005e-01
1.660660660660660781e+01 -9.761723698358798496e-01
1.663663663663663783e+01 -9.770212153278760026e-01
1.666666666666666785e+01 -9.769021601217773298e-01
1.669669669669669787e+01 -9.758139880388697618e-01
1.672672672672672789e+01 -9.737566624145101990e-01
1.675675675675675791e+01 -9.707313260981258463e-01
1.678678678678678793e+01 -9.667403014532141015e-01
1.681681681681681795e+01 -9.617870903573433328e-01
1.684684684684684797e+01 -9.558763742021518794e-01
1.687687687687687799e+01 -9.490140138933490510e-01
1.690690690690690801e+01 -9.412070498507142391e-01
1.693693693693693803e+01 -9.324637020080975836e-01
1.696696696696696804e+01 -9.227933698134193063e-01
1.699699699699699806e+01 -9.122066322286707107e-01
1.702702702702702808e+01 -9.007152477299129600e-01
1.705705705705705810e+01 -8.883321543072780768e-01
1.708708708708708812e+01 -8.750714694649684988e-01
1.711711711711711814e+01 -8.609484902212569679e-01
1.714714714714714816e+01 -8.459796931084868632e-01
1.717717717717717818e+01 -8.301827341730719789e-01
1.720720720720720820e+01 -8.135764489754965245e-01
1.723723723723723822e+01 -7.961808525903154576e-01
1.726726726726726824e+01 -7.780171396061537070e-01
1.729729729729729826e+01 -7.591076841257071717e-01
1.732732732732732828e+01 -7.394760397657420548e-01
1.735735735735735830e+01 -7.191469396570949746e-01
1.738738738738738832e+01 -6.981462964446729647e-01
1.741741741741741833e+01 -6.764986447935380509e-01
1.744744744744744835e+01 -6.542123944381885714e-01
1.747747747747747837e+01 -6.313079864510253714e-01
1.750750750750750839e+01 -6.078093105888726644e-01
1.753753753753753841e+01 -5.837404535409447259e-01
1.756756756756756843e+01 -5.591256989288462265e-01
1.759759759759759845e+01 -5.339895273065715653e-01
1.762762762762762847e+01 -5.083566161605056477e-01
1.765765765765765849e+01 -4.822518399094233299e-01
1.768768768768768851e+01 -4.557002699044894745e-01
1.771771771771771853e+01 -4.287271744292595055e-01
1.774774774774774855e+01 -4.013580186996785204e-01
1.777777777777777857e+01 -3.736184648640821226e-01
1.780780780780780859e+01 -3.455343720031957555e-01
1.783783783783783861e+01 -3.171317961301351462e-01
1.786786786786786863e+01 -2.884369901904062505e-01
1.789789789789789864e+01 -2.594764040619050860e-01
1.792792792792792866e+01 -2.302766845549176211e-01
1.795795795795795868e+01 -2.008646754121203304e-01
1.798798798798798870e+01 -1.712674173085791951e-01
1.801801801801801872e+01 -1.415121478517512577e-01
1.804804804804804874e+01 -1.116263015814829007e-01
1.807807807807807876e+01 -8.163750997001129051e-02
1.810810810810810878e+01 -5.157360142196298902e-02
1.813813813813813880e+01 -2.146260127435528631e-02
1.816816816816816882e+01 8.667268203404465687e-03
1.819819819819819884e+01 3.878758780951918617e-02
1.822822822822822886e+01 6.886974140980117731e-02
1.825825825825825888e+01 9.888491593767279042e-02
1.828828828828828890e+01 1.288041013941664259e-01
1.831831831831831892e+01 1.586033417067171936e-01
1.834834834834834894e+01 1.882714616846944966e-01
1.837837837837837895e+01 2.177794556141607607e-01
1.840840840840840897e+01 2.470970480352505938e-01
1.843843843843843899e+01 2.761944368767029756e-01
1.846846846846846901e+01 3.050422934558611465e-01
1.849849849849849903e+01 3.336117624786728575e-01
1.852852852852852905e+01 3.618744620396901479e-01
1.855855855855855907e+01 3.898024836220693734e-01
1.858858858858858909e+01 4.173683920975713724e-01
1.861861861861861911e+01 4.445452257265611329e-01
1.864864864864864913e+01 4.713064961580083478e-01
1.867867867867867915e+01 4.976261884294867488e-01
1.870870870870870917e+01 5.234787609671744946e-01
1.873873873873873919e+01 5.488391455858543377e-01
1.876876876876876921e+01 5.736827474889130141e-01
1.879879879879879923e+01 5.979854452683418531e-01
1.882882882882882924e+01 6.217235909047367226e-01
1.885885885885885926e+01 6.448740097672974736e-01
1.888888888888888928e+01 6.674140006138284953e-01
1.891891891891891930e+01 6.893213355907384932e-01
1.894894894894894932e+01 7.105742602330407109e-01
1.897897897897897934e+01 7.311514934643525976e-01
1.900900900900900936e+01 7.510322275968956962e-01
1.903903903903903938e+01 7.701961283314966433e-01
1.906906906906906940e+01 7.886233347575856145e-01
1.909909909909909942e+01 8.062944593531976567e-01
1.912912912912912944e+01 8.231905879849722441e-01
1.915915915915915946e+01 8.392932799081528339e-01
1.918918918918918948e+01 8.545845677665873108e-01
1.921921921921921950e+01 8.690469575927283197e-01
1.924924924924924952e+01 8.826634288076322665e-01
1.927927927927927954e+01 8.954197247995389075e-01
1.930930930930930955e+01 9.073102998516203721e-01
1.933933933933933957e+01 9.183203292557692299e-01
1.936936936936936959e+01 9.284347661635206084e-01
1.939939939939939961e+01 9.376398283822604540e-01
1.942942942942942963e+01 9.459229983752256432e-01
1.945945945945945965e+01 9.532730232615037602e-01
1.948948948948948967e+01 9.596799148160332082e-01
1.951951951951951969e+01 9.651349494696033204e-01
1.954954954954954971e+01 9.696306683088539158e-01
1.957957957957957973e+01 9.731608770762760763e-01
1.960960960960960975e+01 9.757206461702111477e-01
1.963963963963963977e+01 9.773063106448518500e-01
1.966966966966966979e+01 9.779154702102412777e-01
1.969969969969969981e+01 9.775469892322734555e-01
1.972972972972972983e+01 9.762009967326933380e-01
1.975975975975975985e+01 9.738788863890964764e-01
1.978978978978978986e+01 9.705833165349294633e-01
1.981981981981981988e+01 9.663182101594894879e-01
1.984984984984984990e+01 9.610887549079246694e-01
1.987987987987987992e+01 9.549014030812338349e-01
1.990990990990990994e+01 9.477638716362667415e-01
1.993993993993993996e+01 9.396851421857238540e-01
1.996996996996996998e+01 9.306754609981564563e-01
2.000000000000000000e+01 9.207463389979666513e-01
2.003003003003003002e+01 9.099105517654074715e-01
2.006006006006006004e+01 8.981821395365824356e-01
2.009009009009009006e+01 8.855764072034462142e-01
2.012012012012012008e+01 8.721099243138039636e-01
2.015015015015015010e+01 8.578005250713121033e-01
2.018018018018018012e+01 8.426673083354772054e-01
2.021021021021021014e+01 8.267305808563143454e-01
2.024024024024024015e+01 8.100005470781037609e-01
2.027027027027027017e+01 7.924886804669363238e-01
2.030030030030030019e+01 7.742143813358235427e-01
2.033033033033033021e+01 7.551974703674808609e-01
2.036036036036036023e+01 7.354581886143287672e-01
2.039039039039039025e+01 7.150171974984916856e-01
2.042042042042042027e+01 6.938955788117985302e-01
2.045045045045045029e+01 6.721148347157827052e-01
2.048048048048048031e+01 6.496968877416821053e-01
2.051051051051051033e+01 6.266640807904387822e-01
2.054054054054054035e+01 6.030391771326994999e-01
2.057057057057057037e+01 5.788453604088149573e-01
2.060060060060060039e+01 5.541062346288408991e-01
2.063063063063063041e+01 5.288458241725371156e-01
2.066066066066066043e+01 5.030885737893676657e-01
2.069069069069069045e+01 4.768593485985011537e-01
2.072072072072072046e+01 4.501834340888108965e-01
2.075075075075075048e+01 4.230865361188739238e-01
2.078078078078078050e+01 3.955947809169724771e-01
2.081081081081081052e+01 3.677347150810926224e-01
2.084084084084084054e+01 3.395333055789250820e-01
2.087087087087087056e+01 3.110179397478650687e-01
2.090090090090090058e+01 2.822164252950116747e-01
2.093093093093093060e+01 2.531569902971690933e-01
2.096096096096096062e+01 2.238682832008456192e-01
2.099099099099099064e+01 1.943793728222538153e-01
2.102102102102102066e+01 1.647197483473108459e-01
2.105105105105105068e+01 1.349193193316383654e-01
2.108108108108108070e+01 1.050082766366549625e-01
2.111111111111111072e+01 7.500177841286062574e-02
2.114114114114114074e+01 4.491921140902351006e-02
2.117117117117117076e+01 1.478996533922849466e-02
2.120120120120120077e+01 -1.535680542704674634e-02
2.123123123123123079e+01 -4.549218186493170224e-02
2.126126126126126081e+01 -7.558748029416317848e-02
2.129129129129129083e+01 -1.056142523790851440e-01
2.132132132132132085e+01 -1.355442851286487449e-01
2.135135135135135087e+01 -1.653496008964123742e-01
2.138138138138138089e+01 -1.950024573805415606e-01
2.141141141141141091e+01 -2.244753476238091627e-01
2.144144144144144093e+01 -2.537410000135950638e-01
2.147147147147147095e+01 -2.827723782818866716e-01
2.150150150150150097e+01 -3.115426815052782517e-01
2.153153153153153099e+01 -3.400253441049715386e-01
2.156156156156156101e+01 -3.681940358467752361e-01
2.159159159159159103e+01 -3.960226618411055721e-01
2.162162162162162105e+01 -4.234853625429855217e-01
2.165165165165165106e+01 -4.505565137520460839e-01
2.168168168168168108e+01 -4.772107266125242830e-01
2.171171171171171110e+01 -5.034228476132652785e-01
2.174174174174174112e+01 -5.291679585877211434e-01
2.177177177177177114e+01 -5.544213767139514193e-01
2.180180180180180116e+01 -5.791586545146221177e-01
2.183183183183183118e+01 -6.033555798570073847e-01
2.186186186186186120e+01 -6.269881759529879472e-01
2.189189189189189122e+01 -6.500327013590522229e-01
2.192192192192192124e+01 -6.724656499762950990e-01
2.195195195195195126e+01 -6.942637510504192644e-01
2.198198198198198128e+01 -7.154039691717346550e-01
2.201201201201201130e+01 -7.358635042751580091e-01
2.204204204204204132e+01 -7.556233332721429274e-01
2.207207207207207134e+01 -7.746723037332593487e-01
2.210210210210210136e+01 -7.929871439502579333e-01
2.213213213213213137e+01 -8.105446175253908647e-01
2.216216216216216139e+01 -8.273226811212744947e-01
2.219219219219219141e+01 -8.433004844608893436e-01
2.222222222222222143e+01 -8.584583703275803224e-01
2.225225225225225145e+01 -8.727778745650565106e-01
2.228228228228228147e+01 -8.862417260773912675e-01
2.231231231231231149e+01 -8.988338468290220096e-01
2.234234234234234151e+01 -9.105393518447506551e-01
2.237237237237237153e+01 -9.213445492097431799e-01
2.240240240240240155e+01 -9.312369400695297283e-01
2.243243243243243157e+01 -9.402052186300050574e-01
2.246246246246246159e+01 -9.482392721574276484e-01
2.249249249249249161e+01 -9.553301809784205956e-01
2.252252252252252163e+01 -9.614702184799710505e-01
2.255255255255255165e+01 -9.666528511094303333e-01
2.258258258258258167e+01 -9.708727383745143769e-01
2.261261261261261168e+01 -9.741257328433030604e-01
2.264264264264264170e+01 -9.764088801442403209e-01
2.267267267267267172e+01 -9.777204189661347078e-01
2.270270270270270174e+01 -9.780597810581588281e-01
2.273273273273273176e+01 -9.774275912298494573e-01
2.276276276276276178e+01 -9.758256673511077617e-01
2.279279279279279180e+01 -9.732570203521990759e-01
2.282282282282282182e+01 -9.697258542237529033e-01
2.285285285285285184e+01 -9.652375660167631377e-01
2.288288288288288186e+01 -9.597987458425878415e-01
2.291291291291291188e+01 -9.534171768729492458e-01
2.294294294294294190e+01 -9.461018353399337499e-01
2.297297297297297192e+01 -9.378627417377044528e-01
2.300300300300300194e+01 -9.287051055696992075e-01
2.303303303303303196e+01 -9.186367637718522161e-01
2.306306306306306197e+01 -9.076690548618394638e-01
2.309309309309309199e+01 -8.958140542798315176e-01
2.312312312312312201e+01 -8.830845743884941923e-01
2.315315315315315203e+01 -8.694941644729882180e-01
2.318318318318318205e+01 -8.550571107409694616e-01
2.321321321321321207e+01 -8.397884363225885940e-01
2.324324324324324209e+01 -8.237039012704914231e-01
2.327327327327327211e+01 -8.068200025598188940e-01
2.330330330330330213e+01 -7.891539740882065335e-01
2.333333333333333215e+01 -7.707237866757854494e-01
2.336336336336336217e+01 -7.515481480651811097e-01
2.339339339339339219e+01 -7.316465029215146743e-01
2.342342342342342221e+01 -7.110390328324016629e-01
2.345345345345345223e+01 -6.897466563079532875e-01
2.348348348348348225e+01 -6.677910287807748979e-01
2.351351351351351227e+01 -6.451945426059677580e-01
2.354354354354354228e+01 -6.219803270611276025e-01
2.357357357357357230e+01 -5.981722483463451923e-01
2.360360360360360232e+01 -5.737949095842065361e-01
2.363363363363363234e+01 -5.488736508197923358e-01
2.366366366366366236e+01 -5.234345490206786522e-01
2.369369369369369238e+01 -4.975044180769362390e-01
2.372372372372372240e+01 -4.711108088011310979e-01
2.375375375375375242e+01 -4.442820089283241458e-01
2.378378378378378244e+01 -4.170470431160711033e-01
2.381381381381381246e+01 -3.894356729444232723e-01
2.384384384384384248e+01 -3.614783969159260923e-01
2.387387387387387250e+01 -3.332064504556209172e-01
2.390390390390390252e+01 -3.046378615447962179e-01
2.393393393393393254e+01 -2.757868998065547972e-01
2.396396396396396256e+01 -2.466815925561088307e-01
2.399399399399399258e+01 -2.173498954645334824e-01
2.402402402402402259e+01 -1.878196847177806272e-01
2.405405405405405261e+01 -1.581187570166789624e-01
2.408408408408408263e+01 -1.282748295769340630e-01
2.411411411411411265e+01 -9.831554012912843699e-02
2.414414414414414267e+01 -6.826844691872141491e-02
2.417417417417417269e+01 -3.816102870604909381e-02
2.420420420420420271e+01 -8.020684766324504000e-03
2.423423423423423273e+01 2.212526511036250199e-02
2.426426426426426275e+01 5.224958061904527717e-02
2.429429429429429277e+01 8.232510093988015809e-02
2.432432432432432279e+01 1.123247447381467423e-01
2.435435435435435281e+01 1.422215101642477220e-01
2.438438438438438283e+01 1.719884748537089392e-01
2.441441441441441285e+01 2.015987959271797747e-01
2.444444444444444287e+01 2.310257099904318157e-01
2.447447447447447288e+01 2.602425331343611870e-01
2.450450450450450290e+01 2.892226609349851651e-01
2.453453453453453292e+01 3.179395684534463973e-01
2.456456456456456294e+01 3.463668102360093481e-01
2.459459459459459296e+01 3.744780203140617436e-01
2.462462462462462298e+01 4.022469122041147926e-01
2.465465465465465300e+01 4.296472789078026322e-01
2.468468468468468302e+01 4.566529929118825493e-01
2.471471471471471304e+01 4.832380061882352029e-01
2.474474474474474306e+01 5.093763501938640692e-01
2.477477477477477308e+01 5.350421358708959962e-01
2.480480480480480310e+01 5.602097499028844130e-01
2.483483483483483312e+01 5.848641518845417719e-01
2.486486486486486314e+01 6.089832280362202921e-01
2.489489489489489316e+01 6.325385148344310204e-01
2.492492492492492318e+01 6.555025222081566350e-01
2.495495495495495319e+01 6.778487335388516666e-01
2.498498498498498321e+01 6.995516056604426103e-01
2.501501501501501323e+01 7.205865688593274809e-01
2.504504504504504325e+01 7.409300268743763684e-01
2.507507507507507327e+01 7.605593568969311047e-01
2.510510510510510329e+01 7.794529095708053745e-01
2.513513513513513331e+01 7.975900089922843827e-01
2.516516516516516333e+01 8.149509527101255202e-01
2.519519519519519335e+01 8.315170117255576976e-01
2.522522522522522337e+01 8.472704304922817897e-01
2.525525525525525339e+01 8.621944269164705243e-01
2.528528528528528341e+01 8.762731923567683712e-01
2.531531531531531343e+01 8.894918916242915419e-01
2.534534534534534345e+01 9.018366629826282121e-01
2.537537537537537347e+01 9.132946181478380776e-01
2.540540540540540349e+01 9.238538422884530199e-01
2.543543543543543350e+01 9.335033940254764406e-01
2.546546546546546352e+01 9.422333054323839274e-01
2.549549549549549354e+01 9.500345820351221438e-01
2.552552552552552356e+01 9.568992028121103832e-01
2.555555555555555358e+01 9.628201201942393483e-01
2.558558558558558360e+01 9.677912600648714836e-01
2.561561561561561362e+01 9.718075217598411975e-01
2.564564564564564719e+01 9.748647780674549734e-01
2.567567567567567721e+01 9.769598752284901488e-01
2.570570570570570723e+01 9.780906329361968021e-01
2.573573573573573725e+01 9.782559335609207762e-01
2.576576576576576727e+01 9.774569773582447718e-01
2.579579579579579729e+01 9.756945053519414657e-01
2.582582582582582731e+01 9.729696274354164842e-01
2.585585585585585733e+01 9.692844886492338885e-01
2.588588588588588735e+01 9.646422691811159522e-01
2.591591591591591737e+01 9.590471843659432727e-01
2.594594594594594739e+01 9.525044846857551040e-01
2.597597597597597741e+01 9.450204557697484686e-01
2.600600600600600742e+01 9.366024183942791570e-01
2.603603603603603744e+01 9.272587284828611720e-01
2.606606606606606746e+01 9.169987771061667292e-01
2.609609609609609748e+01 9.058329904820264789e-01
2.612612612612612750e+01 8.937728299754295058e-01
2.615615615615615752e+01 8.808307920985228856e-01
2.618618618618618754e+01 8.670204085106124614e-01
2.621621621621621756e+01 8.523562460181621780e-01
2.624624624624624758e+01 8.368539065747940819e-01
2.627627627627627760e+01 8.205300272812890983e-01
2.630630630630630762e+01 8.034022803855859207e-01
2.633633633633633764e+01 7.854893732827820108e-01
2.636636636636636766e+01 7.668110485151328204e-01
2.639639639639639768e+01 7.473880837720523473e-01
2.642642642642642770e+01 7.272422918901129130e-01
2.645645645645645772e+01 7.063965208530449402e-01
2.648648648648648773e+01 6.848746537917373978e-01
2.651651651651651775e+01 6.627016089842376889e-01
2.654654654654654777e+01 6.399033398557514296e-01
2.657657657657657779e+01 6.165068349786421154e-01
2.660660660660660781e+01 5.925401180724323424e-01
2.663663663663663783e+01 5.680322480038026978e-01
2.666666666666666785e+01 5.430115193650724148e-01
2.669669669669669787e+01 5.174876151326355256e-01
2.672672672672672789e+01 4.914815089886513944e-01
2.675675675675675791e+01 4.650192894725496684e-01
2.678678678678678793e+01 4.381271118004217979e-01
2.681681681681681795e+01 4.108311978650212026e-01
2.684684684684684797e+01 3.831578362357628831e-01
2.687687687687687799e+01 3.551333821587235873e-01
2.690690690690690801e+01 3.267842575566420882e-01
2.693693693693693803e+01 2.981369510289186842e-01
2.696696696696696804e+01 2.692180178516155320e-01
2.699699699699699806e+01 2.400540799774567025e-01
2.702702702702702808e+01 2.106718260358277361e-01
2.705705705705705810e+01 1.810980113327763652e-01
2.708708708708708812e+01 1.513594578510116806e-01
2.711711711711711814e+01 1.214830542499048538e-01
2.714714714714714816e+01 9.149575586548874817e-02
2.717717717717717818e+01 6.142458471045791901e-02
2.720720720720720820e+01 3.129662947416889107e-02
2.723723723723723822e+01 1.139045522639769992e-03
2.726726726726726824e+01 -2.902094510144970219e-02
2.729729729729729826e+01 -5.915605367875764742e-02
2.732732732732732828e+01 -8.923892481328010717e-02
2.735735735735735830e+01 -1.192421364323524857e-01
2.738738738738738832e+01 -1.491381997866472187e-01
2.741741741741741833e+01 -1.788995594501756603e-01
2.744744744744744835e+01 -2.084985933202870845e-01
2.747747747747747837e+01 -2.379076126176691286e-01
2.750750750750750839e+01 -2.670988618863476827e-01
2.753753753753753841e+01 -2.960445189936867783e-01
2.756756756756756843e+01 -3.247167341563122478e-01
2.759759759759759845e+01 -3.530997331343668777e-01
2.762762762762762847e+01 -3.811730675738985719e-01
2.765765765765765849e+01 -4.089061473682392145e-01
2.768768768768768851e+01 -4.362690642966424170e-01
2.771771771771771853e+01 -4.632325920242837958e-01
2.774774774774774855e+01 -4.897681861022607497e-01
2.777777777777777857e+01 -5.158479839675926826e-01
2.780780780780780859e+01 -5.414448049432206700e-01
2.783783783783783861e+01 -5.665321502380080698e-01
2.786786786786786863e+01 -5.910842029467396896e-01
2.789789789789789864e+01 -6.150758280501225084e-01
2.792792792792792866e+01 -6.384825724147852322e-01
2.795795795795795868e+01 -6.612806647932786275e-01
2.798798798798798870e+01 -6.834470158240750770e-01
2.801801801801801872e+01 -7.049592180315691348e-01
2.804804804804804874e+01 -7.257955458260771930e-01
2.807807807807807876e+01 -7.459349555038374824e-01
2.810810810810810878e+01 -7.653570852470099606e-01
2.813813813813813880e+01 -7.840422551236765347e-01
2.816816816816816882e+01 -8.019714670878412832e-01
2.819819819819819884e+01 -8.191264049794297897e-01
2.822822822822822886e+01 -8.354894345242899201e-01
2.825825825825825888e+01 -8.510436033341910456e-01
2.828828828828828890e+01 -8.657726409068244866e-01
2.831831831831831892e+01 -8.796609586258038460e-01
2.834834834834834894e+01 -8.926936497606638987e-01
2.837837837837837895e+01 -9.048564894668622571e-01
2.840840840840840897e+01 -9.161359347857775948e-01
2.843843843843843899e+01 -9.265191246447107565e-01
2.846846846846846901e+01 -9.359938798568843143e-01
2.849849849849849903e+01 -9.445487031214432339e-01
2.852852852852852905e+01 -9.521740690922292361e-01
2.855855855855855907e+01 -9.588676021375612812e-01
2.858858858858858909e+01 -9.646209707059647531e-01
2.861861861861861911e+01 -9.694256613156571056e-01
2.864864864864864913e+01 -9.732743773137872978e-01
2.867867867867867915e+01 -9.761610388764349056e-01
2.870870870870870917e+01 -9.780807830086112320e-01
2.873873873873873919e+01 -9.790299635442585302e-01
2.876876876876876921e+01 -9.790061511462503363e-01
2.879879879879879923e+01 -9.780081333063912474e-01
2.882882882882882924e+01 -9.760359143454172548e-01
2.885885885885885926e+01 -9.730907154129954106e-01
2.888888888888888928e+01 -9.691749744877239392e-01
2.891891891891891930e+01 -9.642923463771322368e-01
2.894894894894894932e+01 -9.584477027176812047e-01
2.897897897897897934e+01 -9.516471319747623614e-01
2.900900900900900936e+01 -9.438979394426990632e-01
2.903903903903903938e+01 -9.352086472447453946e-01
2.906906906906906940e+01 -9.255889943330867231e-01
2.909909909909909942e+01 -9.150499364888398102e-01
2.912912912912912944e+01 -9.036036463220524784e-01
2.915915915915915946e+01 -8.912635132717036113e-01
2.918918918918918948e+01 -8.780441436057035975e-01
2.921921921921921950e+01 -8.639613604208937758e-01
2.924924924924924952e+01 -8.490322036430465458e-01
2.927927927927927954e+01 -8.332749300268660342e-01
2.930930930930930955e+01 -8.167090131559868738e-01
2.933933933933933957e+01 -7.993551434429755354e-01
2.936936936936936959e+01 -7.812352281293293288e-01
2.939939939939939961e+01 -7.623723912854766249e-01
2.942942942942942963e+01 -7.427909738107774107e-01
2.945945945945945965e+01 -7.225159373241014649e-01
2.948948948948948967e+01 -7.015565620571130312e-01
2.951951951951951969e+01 -6.799286610662645947e-01
2.954954954954954971e+01 -6.576551994175667826e-01
2.957957957957957973e+01 -6.347594469363666558e-01
2.960960960960960975e+01 -6.112649782073471538e-01
2.963963963963963977e+01 -5.871956725745282046e-01
2.966966966966966979e+01 -5.625757141412655038e-01
2.969969969969969981e+01 -5.374295917702514025e-01
2.972972972972972983e+01 -5.117820990835146855e-01
2.975975975975975985e+01 -4.856583344624200715e-01
2.978978978978978986e+01 -4.590837010476690461e-01
2.981981981981981988e+01 -4.320839067392993615e-01
2.984984984984984990e+01 -4.046849641966848155e-01
2.987987987987987992e+01 -3.769131908385359164e-01
2.990990990990990994e+01 -3.487952088428992736e-01
2.993993993993993996e+01 -3.203579451471582074e-01
2.996996996996996998e+01 -2.916286314480318609e-01
3.000000000000000000e+01 -2.626348042015759776e-01
