0.000000000000000000e+00 0.000000000000000000e+00
3.003003003003002977e-02 3.002702185004783864e-02
6.006006006006005954e-02 6.003599208250275793e-02
9.009009009009008584e-02 9.000886883710812469e-02
1.201201201201201191e-01 1.199277675555365796e-01
1.501501501501501523e-01 1.497764255399901545e-01
1.801801801801801717e-01 1.795367723116511049e-01
2.102102102102102188e-01 2.091901844714346703e-01
2.402402402402402382e-01 2.387182368015209333e-01
2.702702702702702853e-01 2.681027022653549863e-01
3.003003003003003046e-01 2.973255520076466540e-01
3.303303303303303240e-01 3.263689553543708266e-01
3.603603603603603434e-01 3.552152798127673483e-01
3.903903903903903627e-01 3.838470910713407958e-01
4.204204204204204376e-01 4.122471529998609219e-01
4.504504504504504570e-01 4.403984276493621008e-01
4.804804804804804763e-01 4.682840752521437167e-01
5.105105105105105512e-01 4.958874542217702741e-01
5.405405405405405705e-01 5.231921211530707883e-01
5.705705705705705899e-01 5.501818308221395615e-01
6.006006006006006093e-01 5.768405361863356839e-01
6.306306306306306286e-01 6.031523883842828671e-01
6.606606606606606480e-01 6.291017367358705537e-01
6.906906906906906674e-01 6.546731287422521417e-01
7.207207207207206867e-01 6.798513100858464275e-01
7.507507507507507061e-01 7.046212246303369398e-01
7.807807807807807254e-01 7.289680144206724943e-01
8.108108108108108558e-01 7.528770196830665284e-01
8.408408408408408752e-01 7.763337788249971005e-01
8.708708708708708945e-01 7.993240284352078895e-01
9.009009009009009139e-01 8.218374366393952357e-01
9.309309309309309333e-01 8.438651508932972778e-01
9.609609609609609526e-01 8.653922507788338603e-01
9.909909909909909720e-01 8.864042067386032064e-01
1.021021021021021102e+00 9.068869578862138736e-01
1.051051051051051122e+00 9.268269120062837541e-01
1.081081081081081141e+00 9.462109455544412961e-01
1.111111111111111160e+00 9.650264036573243942e-01
1.141141141141141180e+00 9.832611001125813877e-01
1.171171171171171199e+00 1.000903317388869951e+00
1.201201201201201219e+00 1.017941806625858314e+00
1.231231231231231238e+00 1.034365787634224043e+00
1.261261261261261257e+00 1.050164948895655037e+00
1.291291291291291277e+00 1.065329447562848975e+00
1.321321321321321296e+00 1.079849909459513757e+00
1.351351351351351315e+00 1.093717429080366621e+00
1.381381381381381335e+00 1.106923569591135470e+00
1.411411411411411354e+00 1.119460362828557543e+00
1.441441441441441373e+00 1.131320309300380522e+00
1.471471471471471393e+00 1.142496378185361205e+00
1.501501501501501412e+00 1.152982007333267500e+00
1.531531531531531432e+00 1.162771103264876205e+00
1.561561561561561451e+00 1.171858041171974563e+00
1.591591591591591470e+00 1.180237664917359819e+00
1.621621621621621712e+00 1.187905287034838997e+00
1.651651651651651731e+00 1.194856688729228900e+00
1.681681681681681750e+00 1.201088119876356330e+00
1.711711711711711770e+00 1.206596299023058538e+00
1.741741741741741789e+00 1.211378413387181885e+00
1.771771771771771808e+00 1.215432118857583399e+00
1.801801801801801828e+00 1.218755539994129444e+00
1.831831831831831847e+00 1.221347270027696830e+00
1.861861861861861867e+00 1.223206370860171921e+00
1.891891891891891886e+00 1.224332373064451307e+00
1.921921921921921905e+00 1.224725275884441356e+00
1.951951951951951925e+00 1.224385547235057992e+00
1.981981981981981944e+00 1.223314123702228029e+00
2.012012012012012185e+00 1.221512443551558968e+00
2.042042042042042205e+00 1.218983286269318178e+00
2.072072072072072224e+00 1.215728112978153197e+00
2.102102102102102243e+00 1.211747963337294065e+00
2.132132132132132263e+00 1.207044330901108520e+00
2.162162162162162282e+00 1.201619163119101996e+00
2.192192192192192302e+00 1.195474861335917405e+00
2.222222222222222321e+00 1.188614280791335576e+00
2.252252252252252340e+00 1.181040730620275037e+00
2.282282282282282360e+00 1.172757973852791569e+00
2.312312312312312379e+00 1.163770227414078651e+00
2.342342342342342398e+00 1.154082162124467681e+00
2.372372372372372418e+00 1.143698902699427533e+00
2.402402402402402437e+00 1.132626027749564557e+00
2.432432432432432456e+00 1.120869569780623021e+00
2.462462462462462476e+00 1.108436015193484447e+00
2.492492492492492495e+00 1.095332304284168501e+00
2.522522522522522515e+00 1.081565831243832321e+00
2.552552552552552534e+00 1.067144444158770078e+00
2.582582582582582553e+00 1.052076445010414529e+00
2.612612612612612573e+00 1.036370589675335241e+00
2.642642642642642592e+00 1.020036087925240142e+00
2.672672672672672611e+00 1.003082603426974195e+00
2.702702702702702631e+00 9.855202537425201692e-01
2.732732732732732650e+00 9.673596103289985315e-01
2.762762762762762669e+00 9.486116985386676692e-01
2.792792792792792689e+00 9.292879976189228897e-01
2.822822822822822708e+00 9.094004407122979750e-01
2.852852852852852727e+00 8.889614148564634055e-01
2.882882882882882747e+00 8.679837609842282475e-01
2.912912912912912766e+00 8.464807739235387096e-01
2.942942942942942786e+00 8.244662023974782539e-01
2.972972972972972805e+00 8.019542490242690391e-01
3.003003003003002824e+00 7.789595703172695895e-01
3.033033033033032844e+00 7.554972766849771260e-01
3.063063063063062863e+00 7.315829324310259008e-01
3.093093093093092882e+00 7.072325557541880858e-01
3.123123123123122902e+00 6.824626187483733286e-01
3.153153153153152921e+00 6.572900474026287521e-01
3.183183183183182940e+00 6.317322216011396208e-01
3.213213213213213404e+00 6.058069751232277866e-01
3.243243243243243423e+00 5.795279475659792512e-01
3.273273273273273443e+00 5.528984694677803180e-01
3.303303303303303462e+00 5.259345948718403552e-01
3.333333333333333481e+00 4.986534320749549387e-01
3.363363363363363501e+00 4.710721228966223695e-01
3.393393393393393520e+00 4.432078426790432291e-01
3.423423423423423539e+00 4.150778002871204908e-01
3.453453453453453559e+00 3.866992381084596309e-01
3.483483483483483578e+00 3.580894320533684616e-01
3.513513513513513598e+00 3.292656915548572427e-01
3.543543543543543617e+00 3.002453595686386811e-01
3.573573573573573636e+00 2.710458125731277645e-01
3.603603603603603656e+00 2.416844605694423720e-01
3.633633633633633675e+00 2.121787470814020526e-01
3.663663663663663694e+00 1.825461491555293581e-01
3.693693693693693714e+00 1.528041773610489540e-01
3.723723723723723733e+00 1.229703757898882310e-01
3.753753753753753752e+00 9.306232205667663848e-02
3.783783783783783772e+00 6.309762729874623943e-02
3.813813813813813791e+00 3.309393617613154426e-02
3.843843843843843811e+00 3.068926871569455095e-03
3.873873873873873830e+00 -2.695968890950095620e-02
3.903903903903903849e+00 -5.697416593893767089e-02
3.933933933933933869e+00 -8.695672546589672258e-02
3.963963963963963888e+00 -1.168895552168313090e-01
3.993993993993993907e+00 -1.467548093954930133e-01
4.024024024024024371e+00 -1.765346086829303607e-01
4.054054054054054390e+00 -2.062110402374891516e-01
4.084084084084084409e+00 -2.357661576948131277e-01
4.114114114114114429e+00 -2.651819811678437500e-01
4.144144144144144448e+00 -2.944404972468200876e-01
4.174174174174174468e+00 -3.235236589992787071e-01
4.204204204204204487e+00 -3.524133859700535609e-01
4.234234234234234506e+00 -3.810915641812764321e-01
4.264264264264264526e+00 -4.095400461323766006e-01
4.294294294294294545e+00 -4.377406508000807328e-01
4.324324324324324564e+00 -4.656751636384133253e-01
4.354354354354354584e+00 -4.933253365786967048e-01
4.384384384384384603e+00 -5.206728880295496964e-01
4.414414414414414622e+00 -5.476995028768900653e-01
4.444444444444444642e+00 -5.743941418534000976e-01
4.474474474474474661e+00 -6.007512695718103535e-01
4.504504504504504681e+00 -6.267534747941666540e-01
4.534534534534534700e+00 -6.523835319712205649e-01
4.564564564564564719e+00 -6.776246172488388231e-01
4.594594594594594739e+00 -7.024603084680026699e-01
4.624624624624624758e+00 -7.268745851648079626e-01
4.654654654654654777e+00 -7.508518285704657291e-01
4.684684684684684797e+00 -7.743768216113016134e-01
4.714714714714714816e+00 -7.974347489087558749e-01
4.744744744744744835e+00 -8.200111967793834999e-01
4.774774774774774855e+00 -8.420921532348547567e-01
4.804804804804804874e+00 -8.636640079819539739e-01
4.834834834834834894e+00 -8.847135524225808734e-01
4.864864864864864913e+00 -9.052279796537494594e-01
4.894894894894894932e+00 -9.251948844675887962e-01
4.924924924924924952e+00 -9.446022633513426747e-01
4.954954954954954971e+00 -9.634385144873695017e-01
4.984984984984984990e+00 -9.816924377531426327e-01
5.015015015015015010e+00 -9.993532347212501499e-01
5.045045045045045029e+00 -1.016410508659395084e+00
5.075075075075075048e+00 -1.032854264530394417e+00
5.105105105105105068e+00 -1.048674908992181187e+00
5.135135135135135087e+00 -1.063863250397802496e+00
5.165165165165165106e+00 -1.078410498795419503e+00
5.195195195195195126e+00 -1.092308265928309874e+00
5.225225225225225145e+00 -1.105548565234864444e+00
5.255255255255255165e+00 -1.118123811848589444e+00
5.285285285285285184e+00 -1.130026822598106051e+00
5.315315315315315203e+00 -1.141250816007150171e+00
5.345345345345345223e+00 -1.151789412294572212e+00
5.375375375375375242e+00 -1.161636633374337091e+00
5.405405405405405261e+00 -1.170786902855525557e+00
5.435435435435435281e+00 -1.179235046042331980e+00
5.465465465465465300e+00 -1.186976289934066120e+00
5.495495495495495319e+00 -1.194006263225151798e+00
5.525525525525525339e+00 -1.200320996305129118e+00
5.555555555555555358e+00 -1.205917583454078512e+00
5.585585585585585378e+00 -1.210797637835516305e+00
5.615615615615615397e+00 -1.214958071431206044e+00
5.645645645645645416e+00 -1.218395047960822541e+00
5.675675675675675436e+00 -1.221105235543591627e+00
5.705705705705705455e+00 -1.223085806698289257e+00
5.735735735735735474e+00 -1.224334438343242182e+00
5.765765765765765494e+00 -1.224849311796327056e+00
5.795795795795795513e+00 -1.224629112774970885e+00
5.825825825825825532e+00 -1.223673031396151467e+00
5.855855855855855552e+00 -1.221980762176396507e+00
5.885885885885885571e+00 -1.219552504031784501e+00
5.915915915915915591e+00 -1.216388960277943854e+00
5.945945945945945610e+00 -1.212491338630053761e+00
5.975975975975975629e+00 -1.207861351202843769e+00
6.006006006006005649e+00 -1.202501214510593330e+00
6.036036036036035668e+00 -1.196413649467132911e+00
6.066066066066065687e+00 -1.189601881385842663e+00
6.096096096096095707e+00 -1.182069639979653752e+00
6.126126126126125726e+00 -1.173821159361047473e+00
6.156156156156155745e+00 -1.164861178042055245e+00
6.186186186186185765e+00 -1.155194938934259064e+00
6.216216216216215784e+00 -1.144828189348791492e+00
6.246246246246245803e+00 -1.133767180996335222e+00
6.276276276276275823e+00 -1.122018669987123074e+00
6.306306306306305842e+00 -1.109589916830938883e+00
6.336336336336335862e+00 -1.096488686437116389e+00
6.366366366366365881e+00 -1.082723248114539905e+00
6.396396396396395900e+00 -1.068302375571643870e+00
6.426426426426426808e+00 -1.053235346916412629e+00
6.456456456456456827e+00 -1.037531944656382876e+00
6.486486486486486847e+00 -1.021202455698639433e+00
6.516516516516516866e+00 -1.004257671349818803e+00
6.546546546546546885e+00 -9.867088873161069529e-01
6.576576576576576905e+00 -9.685679037032410843e-01
6.606606606606606924e+00 -9.498470250165081952e-01
6.636636636636636943e+00 -9.305590601607460766e-01
6.666666666666666963e+00 -9.107173224403422029e-01
6.696696696696696982e+00 -8.903356295592351755e-01
6.726726726726727001e+00 -8.694283036209138338e-01
6.756756756756757021e+00 -8.480101711284168120e-01
6.786786786786787040e+00 -8.260921693716063441e-01
6.816816816816817060e+00 -8.036775205980346559e-01
6.846846846846847079e+00 -7.807797071048769855e-01
6.876876876876877098e+00 -7.574129659816086768e-01
6.906906906906907118e+00 -7.335916962371057393e-01
6.936936936936937137e+00 -7.093304587996445143e-01
6.966966966966967156e+00 -6.846439765169023417e-01
6.996996996996997176e+00 -6.595471341559566714e-01
7.027027027027027195e+00 -6.340549784032858405e-01
7.057057057057057214e+00 -6.081827178647685184e-01
7.087087087087087234e+00 -5.819457230656841507e-01
7.117117117117117253e+00 -5.553595264507125151e-01
7.147147147147147273e+00 -5.284398223839339437e-01
7.177177177177177292e+00 -5.012024671488296557e-01
7.207207207207207311e+00 -4.736634789482809249e-01
7.237237237237237331e+00 -4.458390379045702456e-01
7.267267267267267350e+00 -4.177454860593799446e-01
7.297297297297297369e+00 -3.893993273737933469e-01
7.327327327327327389e+00 -3.608172277282942209e-01
7.357357357357357408e+00 -3.320160149227667779e-01
7.387387387387387427e+00 -3.030126786764962832e-01
7.417417417417417447e+00 -2.738243706281676682e-01
7.447447447447447466e+00 -2.444684043358675840e-01
7.477477477477477485e+00 -2.149622552770819039e-01
7.507507507507507505e+00 -1.853235608486981656e-01
7.537537537537537524e+00 -1.555701203670040167e-01
7.567567567567567544e+00 -1.257198950676875482e-01
7.597597597597597563e+00 -9.579100810583762726e-02
7.627627627627627582e+00 -6.580174455594356431e-02
7.657657657657657602e+00 -3.577055141189522391e-02
7.687687687687687621e+00 -5.716037586983468977e-03
7.717717717717717640e+00 2.434302608610128260e-02
7.747747747747747660e+00 5.438770685526694848e-02
7.777777777777777679e+00 8.439891004902166927e-02
7.807807807807807698e+00 1.143573790764728093e-01
7.837837837837837718e+00 1.442436954273268457e-01
7.867867867867867737e+00 1.740382786718901453e-01
7.897897897897897757e+00 2.037213864610682990e-01
7.927927927927927776e+00 2.332731145263662320e-01
7.957957957957957795e+00 2.626816141155116080e-01
7.987987987987987815e+00 2.919406025232508251e-01
8.018018018018018722e+00 3.210307800336543727e-01
8.048048048048048742e+00 3.499329538501254611e-01
8.078078078078078761e+00 3.786282424676180036e-01
8.108108108108108780e+00 4.070980756726323979e-01
8.138138138138138800e+00 4.353241945432168580e-01
8.168168168168168819e+00 4.632886514489675256e-01
8.198198198198198838e+00 4.909738100510278591e-01
8.228228228228228858e+00 5.183623453020894667e-01
8.258258258258258877e+00 5.454372434463913288e-01
8.288288288288288896e+00 5.721818020197203536e-01
8.318318318318318916e+00 5.985796298494109324e-01
8.348348348348348935e+00 6.246146470543454399e-01
8.378378378378378954e+00 6.502710850449536784e-01
8.408408408408408974e+00 6.755334865232136554e-01
8.438438438438438993e+00 7.003867054826502514e-01
8.468468468468469013e+00 7.248159072083368848e-01
8.498498498498499032e+00 7.488065682768945130e-01
8.528528528528529051e+00 7.723444765564911885e-01
8.558558558558559071e+00 7.954157312068436125e-01
8.588588588588589090e+00 8.180067426792154706e-01
8.618618618618619109e+00 8.401042327164184309e-01
8.648648648648649129e+00 8.616952343528118119e-01
8.678678678678679148e+00 8.827670919143029149e-01
8.708708708708709167e+00 9.033074610183463582e-01
8.738738738738739187e+00 9.233043085739446321e-01
8.768768768768769206e+00 9.427459127816480988e-01
8.798798798798799226e+00 9.616208631335548818e-01
8.828828828828829245e+00 9.799180604133098660e-01
8.858858858858859264e+00 9.976267166961073629e-01
8.888888888888889284e+00 1.014736355348687891e+00
8.918918918918919303e+00 1.031236811029339950e+00
8.948948948948949322e+00 1.047118229687900914e+00
8.978978978978979342e+00 1.062371068565754140e+00
9.009009009009009361e+00 1.076986096195832410e+00
9.039039039039039380e+00 1.090954392402614381e+00
9.069069069069069400e+00 1.104267348302128138e+00
9.099099099099099419e+00 1.116916666301948524e+00
9.129129129129129439e+00 1.128894360101198480e+00
9.159159159159159458e+00 1.140196919643507334e+00
9.189189189189189477e+00 1.150823590422789700e+00
9.219219219219219497e+00 1.160766495335191273e+00
9.249249249249249516e+00 1.170018143206932981e+00
9.279279279279279535e+00 1.178571563190186300e+00
9.309309309309309555e+00 1.186420304763073030e+00
9.339339339339339574e+00 1.193558437729664634e+00
9.369369369369369593e+00 1.199980552219983343e+00
9.399399399399399613e+00 1.205681758690001715e+00
9.429429429429429632e+00 1.210657687921641967e+00
9.459459459459459651e+00 1.214904491022777311e+00
9.489489489489489671e+00 1.218418839427230838e+00
9.519519519519519690e+00 1.221197924894775966e+00
9.549549549549549710e+00 1.223239459511136218e+00
9.579579579579579729e+00 1.224541675687985443e+00
9.609609609609609748e+00 1.225103326162948036e+00
9.639639639639639768e+00 1.224923683999598278e+00
9.669669669669669787e+00 1.224002542587461217e+00
9.699699699699699806e+00 1.222340215642011119e+00
9.729729729729729826e+00 1.219937537204673905e+00
9.759759759759759845e+00 1.216795861642824494e+00
9.789789789789789864e+00 1.212917063649789018e+00
9.819819819819819884e+00 1.208303538244843267e+00
9.849849849849849903e+00 1.202958200773213360e+00
9.879879879879879923e+00 1.196884486906076184e+00
9.909909909909909942e+00 1.190086352640558287e+00
9.939939939939939961e+00 1.182568274299736544e+00
9.969969969969969981e+00 1.174335248532638376e+00
1.000000000000000000e+01 1.165392792314241532e+00
1.003003003003003002e+01 1.155746942945473643e+00
1.006006006006006004e+01 1.145404258053212443e+00
1.009009009009009006e+01 1.134371815590286658e+00
1.012012012012012008e+01 1.122657213835474899e+00
1.015015015015015010e+01 1.110268571393505876e+00
1.018018018018018012e+01 1.097214527195058631e+00
1.021021021021021014e+01 1.083504240496762749e+00
1.024024024024024015e+01 1.069147390881197257e+00
1.027027027027027017e+01 1.054154178256892838e+00
1.030030030030030019e+01 1.038535322858329168e+00
1.033033033033033021e+01 1.022302065245936697e+00
1.036036036036036023e+01 1.005463573198783767e+00
1.039039039039039025e+01 9.880224671152550986e-01
1.042042042042042027e+01 9.699887611608178917e-01
1.045045045045045029e+01 9.513734174280522593e-01
1.048048048048048031e+01 9.321876649399957193e-01
1.051051051051051033e+01 9.124429996501426388e-01
1.054054054054054035e+01 8.921511844424451221e-01
1.057057057057057037e+01 8.713242491313121230e-01
1.060060060060060039e+01 8.499744904616102215e-01
1.063063063063063041e+01 8.281144721086629579e-01
1.066066066066066043e+01 8.057570246782513879e-01
1.069069069069069045e+01 7.829152457066135273e-01
1.072072072072072046e+01 7.596024996604449075e-01
1.075075075075075048e+01 7.358324179368982421e-01
1.078078078078078050e+01 7.116188988635834267e-01
1.081081081081081052e+01 6.869761076985677617e-01
1.084084084084084054e+01 6.619184766303756184e-01
1.087087087087087056e+01 6.364607047779891058e-01
1.090090090090090058e+01 6.106177581908467378e-01
1.093093093093093060e+01 5.844048698488448768e-01
1.096096096096096062e+01 5.578375396623374005e-01
1.099099099099099064e+01 5.309315344721344809e-01
1.102102102102102066e+01 5.037028880495050265e-01
1.105105105105105068e+01 4.761679010961734626e-01
1.108108108108108070e+01 4.483431412443230624e-01
1.111111111111111072e+01 4.202454430565930599e-01
1.114114114114114074e+01 3.918919080260807597e-01
1.117117117117117076e+01 3.632999045763408708e-01
1.120120120120120077e+01 3.344870680613843961e-01
1.123123123123123079e+01 3.054713007656806312e-01
1.126126126126126081e+01 2.762707719041554988e-01
1.129129129129129083e+01 2.469039176221926590e-01
1.132132132132132085e+01 2.173894409956321772e-01
1.135135135135135087e+01 1.877463120307726330e-01
1.138138138138138089e+01 1.579937676643687894e-01
1.141141141141141091e+01 1.281513117636331467e-01
1.144144144144144093e+01 9.823871512623538749e-02
1.147147147147147095e+01 6.827601548030259870e-02
1.150150150150150097e+01 3.827519750927167730e-02
1.153153153153153099e+01 8.244280074814584747e-03
1.156156156156156101e+01 -2.179705153879467339e-02
1.159159159159159103e+01 -5.182921206995558250e-02
1.162162162162162105e+01 -8.183281802371855651e-02
1.165165165165165106e+01 -1.117886876717847644e-01
1.168168168168168108e+01 -1.416778410525061649e-01
1.171171171171171110e+01 -1.714814999708855481e-01
1.174174174174174112e+01 -2.011810879985765910e-01
1.177177177177177114e+01 -2.307582304738836076e-01
1.180180180180180116e+01 -2.601947545017618268e-01
1.183183183183183118e+01 -2.894726889538174475e-01
1.186186186186186120e+01 -3.185742644683072777e-01
1.189189189189189122e+01 -3.474819134501388462e-01
1.192192192192192124e+01 -3.761782700708709015e-01
1.195195195195195126e+01 -4.046461702687124684e-01
1.198198198198198128e+01 -4.328686517485237917e-01
1.201201201201201130e+01 -4.608289539818157809e-01
1.204204204204204132e+01 -4.885105182067500662e-01
1.207207207207207134e+01 -5.158969874281396084e-01
1.210210210210210136e+01 -5.429722064174472562e-01
1.213213213213213137e+01 -5.697202217127872448e-01
1.216216216216216139e+01 -5.961252816189249737e-01
1.219219219219219141e+01 -6.221718362072760078e-01
1.222222222222222143e+01 -6.478445373159066323e-01
1.225225225225225145e+01 -6.731282385495346299e-01
1.228228228228228147e+01 -6.980079952795282816e-01
1.231231231231231149e+01 -7.224690646439065889e-01
1.234234234234234151e+01 -7.464969055473396065e-01
1.237237237237237153e+01 -7.700771786611472214e-01
1.240240240240240155e+01 -7.931957464233017063e-01
1.243243243243243157e+01 -8.158386730384251662e-01
1.246246246246246159e+01 -8.379922244777909812e-01
1.249249249249249161e+01 -8.596428684793223640e-01
1.252252252252252163e+01 -8.807772745475944687e-01
1.255255255255255165e+01 -9.013823139538329476e-01
1.258258258258258167e+01 -9.214450597359140627e-01
1.261261261261261168e+01 -9.409527866983652400e-01
1.264264264264264170e+01 -9.598929714123637380e-01
1.267267267267267172e+01 -9.782532922157390898e-01
1.270270270270270174e+01 -9.960218052924471044e-01
1.273273273273273176e+01 -1.013196591097079935e+00
1.276276276276276178e+01 -1.029771408580965497e+00
1.279279279279279180e+01 -1.045734552996858691e+00
1.282282282282282360e+01 -1.061074829901567984e+00
1.285285285285285362e+01 -1.075781555155951530e+00
1.288288288288288364e+01 -1.089844554924922715e+00
1.291291291291291365e+01 -1.103254165677446164e+00
1.294294294294294367e+01 -1.116001234186539737e+00
1.297297297297297369e+01 -1.128077117529272977e+00
1.300300300300300371e+01 -1.139473683086768219e+00
1.303303303303303373e+01 -1.150183308544200589e+00
1.306306306306306375e+01 -1.160198881890797562e+00
1.309309309309309377e+01 -1.169513801419838517e+00
1.312312312312312379e+01 -1.178121975728656068e+00
1.315315315315315381e+01 -1.186017823718634734e+00
1.318318318318318383e+01 -1.193196274595212047e+00
1.321321321321321385e+01 -1.199652767867877889e+00
1.324324324324324387e+01 -1.205383253350174266e+00
1.327327327327327389e+01 -1.210384191159695977e+00
1.330330330330330391e+01 -1.214652551718090168e+00
1.333333333333333393e+01 -1.218185815751056555e+00
1.336336336336336394e+01 -1.220981974288347649e+00
1.339339339339339396e+01 -1.223039528663767861e+00
1.342342342342342398e+01 -1.224357490515174174e+00
1.345345345345345400e+01 -1.224935381784476585e+00
1.348348348348348402e+01 -1.224773234717636994e+00
1.351351351351351404e+01 -1.223871591864670094e+00
1.354354354354354406e+01 -1.222231506079642926e+00
1.357357357357357408e+01 -1.219854540520675101e+00
1.360360360360360410e+01 -1.216742768649938577e+00
1.363363363363363412e+01 -1.212898774233658106e+00
1.366366366366366414e+01 -1.208325651342110785e+00
1.369369369369369416e+01 -1.203027004349625839e+00
1.372372372372372418e+01 -1.197006947934585508e+00
1.375375375375375420e+01 -1.190270107079423934e+00
1.378378378378378422e+01 -1.182821617070628717e+00
1.381381381381381424e+01 -1.174667123498738697e+00
1.384384384384384425e+01 -1.165812782258346170e+00
1.387387387387387427e+01 -1.156265259548095337e+00
1.390390390390390429e+01 -1.146030118477150417e+00
1.393393393393393431e+01 -1.135110015941958705e+00
1.396396396396396433e+01 -1.123511031960373385e+00
1.399399399399399435e+01 -1.111239795528423890e+00
1.402402402402402437e+01 -1.098303302720546215e+00
1.405405405405405439e+01 -1.084708916689583802e+00
1.408408408408408441e+01 -1.070464367666787542e+00
1.411411411411411443e+01 -1.055577752961815108e+00
1.414414414414414445e+01 -1.040057536962731177e+00
1.417417417417417447e+01 -1.023912551136007876e+00
1.420420420420420449e+01 -1.007151994026524333e+00
1.423423423423423451e+01 -9.897854312575666835e-01
1.426426426426426453e+01 -9.718227955308285093e-01
1.429429429429429455e+01 -9.532743866264101751e-01
1.432432432432432456e+01 -9.341508714028194937e-01
1.435435435435435458e+01 -9.144632837969711714e-01
1.438438438438438460e+01 -8.942230248241871404e-01
1.441441441441441462e+01 -8.734418625781965595e-01
1.444444444444444464e+01 -8.521319322311353694e-01
1.447447447447447466e+01 -8.303057360335470705e-01
1.450450450450450468e+01 -8.079761433143823890e-01
1.453453453453453470e+01 -7.851563904809983896e-01
1.456456456456456472e+01 -7.618600810191600292e-01
1.459459459459459474e+01 -7.381011854930392690e-01
1.462462462462462476e+01 -7.138940415452151855e-01
1.465465465465465478e+01 -6.892533538966736373e-01
1.468468468468468480e+01 -6.641941943468079312e-01
1.471471471471471482e+01 -6.387320017734187116e-01
1.474474474474474484e+01 -6.128825821327131829e-01
1.477477477477477485e+01 -5.866621084593062196e-01
1.480480480480480487e+01 -5.600871208662197009e-01
1.483483483483483489e+01 -5.331745265448823989e-01
1.486486486486486491e+01 -5.059415997651300900e-01
1.489489489489489493e+01 -4.784059818752063320e-01
1.492492492492492495e+01 -4.505856813017615758e-01
1.495495495495495497e+01 -4.224990735498530547e-01
1.498498498498498499e+01 -3.941649012029456722e-01
1.501501501501501501e+01 -3.656022739229104479e-01
1.504504504504504503e+01 -3.368306684500269599e-01
1.507507507507507505e+01 -3.078623559647387098e-01
1.510510510510510507e+01 -2.787039445644927671e-01
1.513513513513513509e+01 -2.493741902667946375e-01
1.516516516516516511e+01 -2.198919674066217023e-01
1.519519519519519513e+01 -1.902760602307612958e-01
1.522522522522522515e+01 -1.605451628978105116e-01
1.525525525525525516e+01 -1.307178794781763131e-01
1.528528528528528518e+01 -1.008127239540757558e-01
1.531531531531531520e+01 -7.084812021953540428e-02
1.534534534534534522e+01 -4.084240208039191522e-02
1.537537537537537524e+01 -1.081381325429164875e-02
1.540540540540540526e+01 1.921949262930894298e-02
1.543543543543543528e+01 4.923945202914375985e-02
1.546546546546546530e+01 7.922809149213688729e-02
1.549549549549549532e+01 1.091675276534023187e-01
1.552552552552552534e+01 1.390399672362443995e-01
1.555555555555555536e+01 1.688277070521573275e-01
1.558558558558558538e+01 1.985131340008257084e-01
1.561561561561561540e+01 2.280787250701243885e-01
1.564564564564564542e+01 2.575070473361179557e-01
1.567567567567567544e+01 2.867807579630615722e-01
1.570570570570570545e+01 3.158826042034003079e-01
1.573573573573573547e+01 3.447954233977691407e-01
1.576576576576576549e+01 3.735021429749937338e-01
1.579579579579579551e+01 4.019857804520894362e-01
1.582582582582582553e+01 4.302294434342622820e-01
1.585585585585585555e+01 4.582163296149074361e-01
1.588588588588588557e+01 4.859297267756109706e-01
1.591591591591591559e+01 5.133530127861494208e-01
1.594594594594594561e+01 5.404696556044885636e-01
1.597597597597597563e+01 5.672632132767849722e-01
1.600600600600600742e+01 5.937173339373867931e-01
1.603603603603603744e+01 6.198157558088270846e-01
1.606606606606606746e+01 6.455423072018348085e-01
1.609609609609609748e+01 6.708809065153260587e-01
1.612612612612612750e+01 6.958155622364088355e-01
1.615615615615615752e+01 7.203303729403798261e-01
1.618618618618618754e+01 7.444095272907265137e-01
1.621621621621621756e+01 7.680373040391261785e-01
1.624624624624624758e+01 7.911980720254463417e-01
1.627627627627627760e+01 8.138773192960677694e-01
1.630630630630630762e+01 8.360731337467406377e-01
1.633633633633633764e+01 8.577744760050839412e-01
1.636636636636636766e+01 8.789665540912184882e-01
1.639639639639639768e+01 8.996350484081943044e-01
1.642642642642642770e+01 9.197661117419916321e-01
1.645645645645645772e+01 9.393463692615204863e-01
1.648648648648648773e+01 9.583629185186207655e-01
1.651651651651651775e+01 9.768033294480623629e-01
1.654654654654654777e+01 9.946556443675446113e-01
1.657657657657657779e+01 1.011908377977697171e+00
1.660660660660660781e+01 1.028550517362079031e+00
1.663663663663663783e+01 1.044571521987179841e+00
1.666666666666666785e+01 1.059961323702418579e+00
1.669669669669669787e+01 1.074710326740143884e+00
1.672672672672672789e+01 1.088809407715634503e+00
1.675675675675675791e+01 1.102249915627099286e+00
1.678678678678678793e+01 1.115023671855676524e+00
1.681681681681681795e+01 1.127122970165434834e+00
1.684684684684684797e+01 1.138540576703372054e+00
1.687687687687687799e+01 1.149269729999416567e+00
1.690690690690690801e+01 1.159304140966425978e+00
1.693693693693693803e+01 1.168637992900188216e+00
1.696696696696696804e+01 1.177265941479421096e+00
1.699699699699699806e+01 1.185183114765771872e+00
1.702702702702702808e+01 1.192385113203817903e+00
1.705705705705705810e+01 1.198868009621066655e+00
1.708708708708708812e+01 1.204628349227955031e+00
1.711711711711711814e+01 1.209663149617849598e+00
1.714714714714714816e+01 1.213969900767047694e+00
1.717717717717717818e+01 1.217546565034775874e+00
1.720720720720720820e+01 1.220391577163190355e+00
1.723723723723723822e+01 1.222503844277377905e+00
1.726726726726726824e+01 1.223882745885354728e+00
1.729729729729729826e+01 1.224528133878066694e+00
1.732732732732732828e+01 1.224440332529389330e+00
1.735735735735735830e+01 1.223620138496129606e+00
1.738738738738738832e+01 1.222068820818022150e+00
1.741741741741741833e+01 1.219788120917732810e+00
1.744744744744744835e+01 1.216780625445396113e+00
1.747747747747747837e+01 1.213048488734412178e+00
1.750750750750750839e+01 1.208593083368483700e+00
1.753753753753753841e+01 1.203416222554657855e+00
1.756756756756756843e+01 1.197520167330369478e+00
1.759759759759759845e+01 1.190907626563441291e+00
1.762762762762762847e+01 1.183581756952083452e+00
1.765765765765765849e+01 1.175546163024893564e+00
1.768768768768768851e+01 1.166804897140857111e+00
1.771771771771771853e+01 1.157362459489347239e+00
1.774774774774774855e+01 1.147223798090123870e+00
1.777777777777777857e+01 1.136394308793335695e+00
1.780780780780780859e+01 1.124879835279518403e+00
1.783783783783783861e+01 1.112686669059594902e+00
1.786786786786786863e+01 1.099821549474876425e+00
1.789789789789789864e+01 1.086291663697061427e+00
1.792792792792792866e+01 1.072104646728235799e+00
1.795795795795795868e+01 1.057268581400873764e+00
1.798798798798798870e+01 1.041791998377836093e+00
1.801801801801801872e+01 1.025683876152371887e+00
1.804804804804804874e+01 1.008953641048117689e+00
1.807807807807807876e+01 9.916111672190973669e-01
1.810810810810810878e+01 9.736667766497228982e-01
1.813813813813813880e+01 9.551312391547932545e-01
1.816816816816816882e+01 9.360157723794955142e-01
1.819819819819819884e+01 9.163320417994040845e-01
1.822822822822822886e+01 8.960921607204810346e-01
1.825825825825825888e+01 8.753086902790758739e-01
1.828828828828828890e+01 8.539946394419258846e-01
1.831831831831831892e+01 8.321634650061561223e-01
1.834834834834834894e+01 8.098290715992788602e-01
1.837837837837837895e+01 7.870058116791940339e-01
1.840840840840840897e+01 7.637084855341895739e-01
1.843843843843843899e+01 7.399523412829402957e-01
1.846846846846846901e+01 7.157530748745094540e-01
1.849849849849849903e+01 6.911268300883471882e-01
1.852852852852852905e+01 6.660901985342914111e-01
1.855855855855855907e+01 6.406602196525679194e-01
1.858858858858858909e+01 6.148543807137899497e-01
1.861861861861861911e+01 5.886906168189582900e-01
1.864864864864864913e+01 5.621855028401182564e-01
1.867867867867867915e+01 5.353421222119930656e-01
1.870870870870870917e+01 5.081744446994871378e-01
1.873873873873873919e+01 4.806997808908191061e-01
1.876876876876876921e+01 4.529354631566399614e-01
1.879879879879879923e+01 4.248988456500326638e-01
1.882882882882882924e+01 3.966073043065125869e-01
1.885885885885885926e+01 3.680782368440269070e-01
1.888888888888888928e+01 3.393290627629552692e-01
1.891891891891891930e+01 3.103772233461094543e-01
1.894894894894894932e+01 2.812401816587334347e-01
1.897897897897897934e+01 2.519354225485031518e-01
1.900900900900900936e+01 2.224804526455267939e-01
1.903903903903903938e+01 1.928928003623451848e-01
1.906906906906906940e+01 1.631900158939306178e-01
1.909909909909909942e+01 1.333896712176880772e-01
1.912912912912912944e+01 1.035093600934544611e-01
1.915915915915915946e+01 7.356669806349880325e-02
1.918918918918918948e+01 4.357932245252260639e-02
1.921921921921921950e+01 1.356489236765923145e-02
1.924924924924924952e+01 -1.645891130152554727e-02
1.927927927927927954e+01 -4.647438588303398621e-02
1.930930930930930955e+01 -7.646380692243570643e-02
1.933933933933933957e+01 -1.064094281828691368e-01
1.936936936936936959e+01 -1.362934816450391828e-01
1.939939939939939961e+01 -1.660981775072200017e-01
1.942942942942942963e+01 -1.958057041852525604e-01
1.945945945945945965e+01 -2.253982283125457453e-01
1.948948948948948967e+01 -2.548578947400765848e-01
1.951951951951951969e+01 -2.841668265363900270e-01
1.954954954954954971e+01 -3.133071249875984954e-01
1.957957957957957973e+01 -3.422608695973822224e-01
1.960960960960960975e+01 -3.710101180869896931e-01
1.963963963963963977e+01 -3.995369063952367572e-01
1.966966966966966979e+01 -4.278232486785074062e-01
1.969969969969969981e+01 -4.558511373107534403e-01
1.972972972972972983e+01 -4.836025428834938023e-01
1.975975975975975985e+01 -5.110594142058166867e-01
1.978978978978978986e+01 -5.382036783043766537e-01
1.981981981981981988e+01 -5.650172404233968493e-01
1.984984984984984990e+01 -5.914846601227086165e-01
1.987987987987987992e+01 -6.176027354407489511e-01
1.990990990990990994e+01 -6.433561984875760809e-01
1.993993993993993996e+01 -6.687279368759705411e-01
1.996996996996996998e+01 -6.937012462281602065e-01
2.000000000000000000e+01 -7.182598301758205128e-01
2.003003003003003002e+01 -7.423878003600742348e-01
2.006006006006006004e+01 -7.660696764314920415e-01
2.009009009009009006e+01 -7.892903860500914970e-01
2.012012012012012008e+01 -8.120352648853379485e-01
2.015015015015015010e+01 -8.342900566161444154e-01
2.018018018018018012e+01 -8.560409129308708120e-01
2.021021021021021014e+01 -8.772743935273252802e-01
2.024024024024024015e+01 -8.979774661127628566e-01
2.027027027027027017e+01 -9.181375064038861389e-01
2.030030030030030019e+01 -9.377422981268453972e-01
2.033033033033033021e+01 -9.567800330172383516e-01
2.036036036036036023e+01 -9.752393108201100613e-01
2.039039039039039025e+01 -9.931091392899530357e-01
2.042042042042042027e+01 -1.010378934190707456e+00
2.045045045045045029e+01 -1.027038519295760954e+00
2.048048048048048031e+01 -1.043078126387948279e+00
2.051051051051051033e+01 -1.058488395259552073e+00
2.054054054054054035e+01 -1.073260373712302318e+00
2.057057057057057037e+01 -1.087385517557376780e+00
2.060060060060060039e+01 -1.100855690615400118e+00
2.063063063063063041e+01 -1.113663164716444332e+00
2.066066066066066043e+01 -1.125800619700029870e+00
2.069069069069069045e+01 -1.137261143415123632e+00
2.072072072072072046e+01 -1.148038231720140967e+00
2.075075075075075048e+01 -1.158125788482943674e+00
2.078078078078078050e+01 -1.167518125580842003e+00
2.081081081081081052e+01 -1.176209962900592654e+00
2.084084084084084054e+01 -1.184196428338401219e+00
2.087087087087087056e+01 -1.191473057799918855e+00
2.090090090090090058e+01 -1.198035795200245834e+00
2.093093093093093060e+01 -1.203880992463929323e+00
2.096096096096096062e+01 -1.209005934252926684e+00
2.099099099099099064e+01 -1.213412318654846223e+00
2.102102102102102066e+01 -1.217097489461633320e+00
2.105105105105105068e+01 -1.220057916652685703e+00
2.108108108108108070e+01 -1.222290572208178494e+00
2.111111111111111072e+01 -1.223792930109065757e+00
2.114114114114114074e+01 -1.224562966337078951e+00
2.117117117117117076e+01 -1.224599158874728477e+00
2.120120120120120077e+01 -1.223900487705302798e+00
2.123123123123123079e+01 -1.222466434812868208e+00
2.126126126126126081e+01 -1.220296984182269506e+00
2.129129129129129083e+01 -1.217392621799129548e+00
2.132132132132132085e+01 -1.213754335649849692e+00
2.135135135135135087e+01 -1.209383615721609351e+00
2.138138138138138089e+01 -1.204282454002365998e+00
2.141141141141141091e+01 -1.198453344480855387e+00
2.144144144144144093e+01 -1.191899283146591548e+00
2.147147147147147095e+01 -1.184623767989866794e+00
2.150150150150150097e+01 -1.176630799001751493e+00
2.153153153153153099e+01 -1.167924878174094072e+00
2.156156156156156101e+01 -1.158511009499521460e+00
2.159159159159159103e+01 -1.148394698971438865e+00
2.162162162162162105e+01 -1.137581954584029553e+00
2.165165165165165106e+01 -1.126079286332254847e+00
2.168168168168168108e+01 -1.113893706211854129e+00
2.171171171171171110e+01 -1.101032728219345724e+00
2.174174174174174112e+01 -1.087504368352025574e+00
2.177177177177177114e+01 -1.073317144607968121e+00
2.180180180180180116e+01 -1.058480076986025420e+00
2.183183183183183118e+01 -1.043002687485828694e+00
2.186186186186186120e+01 -1.026895000107786338e+00
2.189189189189189122e+01 -1.010167540853085910e+00
2.192192192192192124e+01 -9.928313377236926973e-01
2.195195195195195126e+01 -9.748979207223500421e-01
2.198198198198198128e+01 -9.563793218525797890e-01
2.201201201201201130e+01 -9.372880751186818404e-01
2.204204204204204132e+01 -9.176372165257343783e-01
2.207207207207207134e+01 -8.974402840795938641e-01
2.210210210210210136e+01 -8.767113177868948171e-01
2.213213213213213137e+01 -8.554648596550501471e-01
2.216216216216216139e+01 -8.337159536922507108e-01
2.219219219219219141e+01 -8.114763747300961505e-01
2.222222222222222143e+01 -7.887490377689827525e-01
2.225225225225225145e+01 -7.655473516234280185e-01
2.228228228228228147e+01 -7.418857726598030444e-01
2.231231231231231149e+01 -7.177789104338132553e-01
2.234234234234234151e+01 -6.932415276904988488e-01
2.237237237237237153e+01 -6.682885403642343514e-01
2.240240240240240155e+01 -6.429350175787287291e-01
2.243243243243243157e+01 -6.171961816470259432e-01
2.246246246246246159e+01 -5.910874080715039502e-01
2.249249249249249161e+01 -5.646242255438755908e-01
2.252252252252252163e+01 -5.378223159451882562e-01
2.255255255255255165e+01 -5.106975143458236666e-01
2.258258258258258167e+01 -4.832658090054983702e-01
2.261261261261261168e+01 -4.555433413732631331e-01
2.264264264264264170e+01 -4.275464060875035499e-01
2.267267267267267172e+01 -3.992914509759395436e-01
2.270270270270270174e+01 -3.707950770556257547e-01
2.273273273273273176e+01 -3.420740385329512634e-01
2.276276276276276178e+01 -3.131452428036397562e-01
2.279279279279279180e+01 -2.840257504527493593e-01
2.282282282282282182e+01 -2.547327752546729718e-01
2.285285285285285184e+01 -2.252836841731374884e-01
2.288288288288288186e+01 -1.956959973612050208e-01
2.291291291291291188e+01 -1.659873881612722313e-01
2.294294294294294190e+01 -1.361756831050695560e-01
2.297297297297297192e+01 -1.062788619136624257e-01
2.300300300300300194e+01 -7.631505749745104428e-02
2.303303303303303196e+01 -4.630255595617027708e-02
2.306306306306306197e+01 -1.625979657888843022e-02
2.309309309309309199e+01 1.379462815599030723e-02
2.312312312312312201e+01 4.384197258072797254e-02
2.315315315315315203e+01 7.386333783825160815e-02
2.318318318318318205e+01 1.038396718821542608e-01
2.321321321321321207e+01 1.337517694766939824e-01
2.324324324324324209e+01 1.635802721967943851e-01
2.327327327327327211e+01 1.933056684280448634e-01
2.330330330330330213e+01 2.229082933666995947e-01
2.333333333333333215e+01 2.523683290196786499e-01
2.336336336336336217e+01 2.816716520083318298e-01
2.339339339339339219e+01 3.108137574762911970e-01
2.342342342342342221e+01 3.397759858136343847e-01
2.345345345345345223e+01 3.685391903167249961e-01
2.348348348348348225e+01 3.970845430588336167e-01
2.351351351351351227e+01 4.253935348901378699e-01
2.354354354354354228e+01 4.534479754377221949e-01
2.357357357357357230e+01 4.812299931055780133e-01
2.360360360360360232e+01 5.087220350746037845e-01
2.363363363363363234e+01 5.359068673026045060e-01
2.366366366366366236e+01 5.627675745242923799e-01
2.369369369369369238e+01 5.892875602512868127e-01
2.372372372372372240e+01 6.154505467721135270e-01
2.375375375375375242e+01 6.412405751522055608e-01
2.378378378378378244e+01 6.666420052339028235e-01
2.381381381381381246e+01 6.916395156364519847e-01
2.384384384384384248e+01 7.162181037560069186e-01
2.387387387387387250e+01 7.403630857656283704e-01
2.390390390390390252e+01 7.640600966152837348e-01
2.393393393393393254e+01 7.872950900318473888e-01
2.396396396396396256e+01 8.100543385191010248e-01
2.399399399399399258e+01 8.323244333577327625e-01
2.402402402402402259e+01 8.540922846053382589e-01
2.405405405405405261e+01 8.753451210964190432e-01
2.408408408408408263e+01 8.960704904423851813e-01
2.411411411411411265e+01 9.162562590315518340e-01
2.414414414414414267e+01 9.358906120291421438e-01
2.417417417417417269e+01 9.549620533772866793e-01
2.420420420420420271e+01 9.734594057950214374e-01
2.423423423423423273e+01 9.913718107782907296e-01
2.426426426426426275e+01 1.008688728599945073e+00
2.429429429429429277e+01 1.025399938309741632e+00
2.432432432432432279e+01 1.041495537734345334e+00
2.435435435435435281e+01 1.056965943477327752e+00
2.438438438438438283e+01 1.071801890919167111e+00
2.441441441441441285e+01 1.085994434217248727e+00
2.444444444444444287e+01 1.099534946305864569e+00
2.447447447447447288e+01 1.112415118896214139e+00
2.450450450450450290e+01 1.124626962476403369e+00
2.453453453453453292e+01 1.136162806311445284e+00
2.456456456456456294e+01 1.147019149065275689e+00
2.459459459459459296e+01 1.157195476210429508e+00
2.462462462462462298e+01 1.166684227650999883e+00
2.465465465465465300e+01 1.175478196402200970e+00
2.468468468468468302e+01 1.183570695343988843e+00
2.471471471471471304e+01 1.190955557221059724e+00
2.474474474474474306e+01 1.197627134642851532e+00
2.477477477477477308e+01 1.203580300083543442e+00
2.480480480480480310e+01 1.208810445882054774e+00
2.483483483483483312e+01 1.213313484242047213e+00
2.486486486486486314e+01 1.217085847231922147e+00
2.489489489489489316e+01 1.220124486784823103e+00
2.492492492492492318e+01 1.222426874698633981e+00
2.495495495495495319e+01 1.223991002635980374e+00
2.498498498498498321e+01 1.224815382124228247e+00
2.501501501501501323e+01 1.224899044555485483e+00
2.504504504504504325e+01 1.224241541186600113e+00
2.507507507507507327e+01 1.222842943139161642e+00
2.510510510510510329e+01 1.220703841399501055e+00
2.513513513513513331e+01 1.217825346818689924e+00
2.516516516516516333e+01 1.214209090112540856e+00
2.519519519519519335e+01 1.209857221861607712e+00
2.522522522522522337e+01 1.204772412511185387e+00
2.525525525525525339e+01 1.198957852371309807e+00
2.528528528528528341e+01 1.192417251616758156e+00
2.531531531531531343e+01 1.185154840287048428e+00
2.534534534534534345e+01 1.177175368286439650e+00
2.537537537537537347e+01 1.168484105383932325e+00
2.540540540540540349e+01 1.159086841213267771e+00
2.543543543543543350e+01 1.148989885272928113e+00
2.546546546546546352e+01 1.138200066926136955e+00
2.549549549549549354e+01 1.126724735400858934e+00
2.552552552552552356e+01 1.114571759789799277e+00
2.555555555555555358e+01 1.101749529050405130e+00
2.558558558558558360e+01 1.088266952004863786e+00
2.561561561561561362e+01 1.074133457340104458e+00
2.564564564564564719e+01 1.059358993607794730e+00
2.567567567567567721e+01 1.043954029224349656e+00
2.570570570570570723e+01 1.027929552470919106e+00
2.573573573573573725e+01 1.011297071493396205e+00
2.576576576576576727e+01 9.940664814797245397e-01
2.579579579579579729e+01 9.762403051403616416e-01
2.582582582582582731e+01 9.578284999172796965e-01
2.585585585585585733e+01 9.388422887097215286e-01
2.588588588588588735e+01 9.192931534083551570e-01
2.591591591591591737e+01 8.991928348952736849e-01
2.594594594594594739e+01 8.785533330439955213e-01
2.597597597597597741e+01 8.573869067194641591e-01
2.600600600600600742e+01 8.357060737780479531e-01
2.603603603603603744e+01 8.135236110675410082e-01
2.606606606606606746e+01 7.908525544271620689e-01
2.609609609609609748e+01 7.677061986875551858e-01
2.612612612612612750e+01 7.440980976707897154e-01
2.615615615615615752e+01 7.200420641903598762e-01
2.618618618618618754e+01 6.955521700511853034e-01
2.621621621621621756e+01 6.706427460496106052e-01
2.624624624624624758e+01 6.453283819734056959e-01
2.627627627627627760e+01 6.196239266017654623e-01
2.630630630630630762e+01 5.935444877053102086e-01
2.633633633633633764e+01 5.671054320460848786e-01
2.636636636636636766e+01 5.403223853775604990e-01
2.639639639639639768e+01 5.132112324446318485e-01
2.642642642642642770e+01 4.857881169836205659e-01
2.645645645645645772e+01 4.580694417222719306e-01
2.648648648648648773e+01 4.300718683797571940e-01
2.651651651651651775e+01 4.018123176666723584e-01
2.654654654654654777e+01 3.733079692850391762e-01
2.657657657657657779e+01 3.445762619283037065e-01
2.660660660660660781e+01 3.156348932813378694e-01
2.663663663663663783e+01 2.865018200204384469e-01
2.666666666666666785e+01 2.571952578133274159e-01
2.669669669669669787e+01 2.277336813191518372e-01
2.672672672672672789e+01 1.981358241884839666e-01
2.675675675675675791e+01 1.684206790633209216e-01
2.678678678678678793e+01 1.386074975770859030e-01
2.681681681681681795e+01 1.087157903546261961e-01
2.684684684684684797e+01 7.876532701221494737e-02
2.687687687687687799e+01 4.877613615755005405e-02
2.690690690690690801e+01 1.876296617591308516e-02
2.693693693693693803e+01 -1.126840432032256978e-02
2.696696696696696804e+01 -4.129887321100993158e-02
2.699699699699699806e+01 -7.130880636469584533e-02
2.702702702702702808e+01 -1.012787809727077326e-01
2.705705705705705810e+01 -1.311895855491534979e-01
2.708708708708708812e+01 -1.610222199309217783e-01
2.711711711711711814e+01 -1.907578952776814440e-01
2.714714714714714816e+01 -2.203780340718821118e-01
2.717717717717717818e+01 -2.498642701187539505e-01
2.720720720720720820e+01 -2.791984485463075982e-01
2.723723723723723822e+01 -3.083626258053342450e-01
2.726726726726726824e+01 -3.373390696694055779e-01
2.729729729729729826e+01 -3.661102592348738916e-01
2.732732732732732828e+01 -3.946588849208720329e-01
2.735735735735735830e+01 -4.229678484693132900e-01
2.738738738738738832e+01 -4.510202629448917810e-01
2.741741741741741833e+01 -4.787994527350817320e-01
2.744744744744744835e+01 -5.062889535501380323e-01
2.747747747747747837e+01 -5.334725124230965676e-01
2.750750750750750839e+01 -5.603340877097729988e-01
2.753753753753753841e+01 -5.868578490887642607e-01
2.756756756756756843e+01 -6.130281775614472295e-01
2.759759759759759845e+01 -6.388296654519797224e-01
2.762762762762762847e+01 -6.642471164072998313e-01
2.765765765765765849e+01 -6.892655453971264778e-01
2.768768768768768851e+01 -7.138701787139588584e-01
2.771771771771771853e+01 -7.380464539730772211e-01
2.774774774774774855e+01 -7.617800201125413118e-01
2.777777777777777857e+01 -7.850567373931923720e-01
2.780780780780780859e+01 -8.078626773986518073e-01
2.783783783783783861e+01 -8.301841230353217416e-01
2.786786786786786863e+01 -8.520075685323844628e-01
2.789789789789789864e+01 -8.733197194418034215e-01
2.792792792792792866e+01 -8.941074926383220101e-01
2.795795795795795868e+01 -9.143580163194645616e-01
2.798798798798798870e+01 -9.340586300055355728e-01
2.801801801801801872e+01 -9.531968845396202594e-01
2.804804804804804874e+01 -9.717605420875846667e-01
2.807807807807807876e+01 -9.897375761380750037e-01
2.810810810810810878e+01 -1.007116171502518309e+00
2.813813813813813880e+01 -1.023892474187656720e+00
2.816816816816816882e+01 -1.040062685365792161e+00
2.819819819819819884e+01 -1.055615330442891686e+00
2.822822822822822886e+01 -1.070539446761458624e+00
2.825825825825825888e+01 -1.084824583886893290e+00
2.828828828828828890e+01 -1.098460803607494318e+00
2.831831831831831892e+01 -1.111438679934457552e+00
2.834834834834834894e+01 -1.123749299101876931e+00
2.837837837837837895e+01 -1.135384259566744269e+00
2.840840840840840897e+01 -1.146335672008949036e+00
2.843843843843843899e+01 -1.156596159331277907e+00
2.846846846846846901e+01 -1.166158856659416099e+00
2.849849849849849903e+01 -1.175017411341946261e+00
2.852852852852852905e+01 -1.183165982950348916e+00
2.855855855855855907e+01 -1.190599243279001795e+00
2.858858858858858909e+01 -1.197312376345180951e+00
2.861861861861861911e+01 -1.203301078389060086e+00
2.864864864864864913e+01 -1.208561557873710557e+00
2.867867867867867915e+01 -1.213090535485101595e+00
2.870870870870870917e+01 -1.216885244132099864e+00
2.873873873873873919e+01 -1.219943428946470121e+00
2.876876876876876921e+01 -1.222263347282874779e+00
2.879879879879879923e+01 -1.223843768718873903e+00
2.882882882882882924e+01 -1.224683975054925433e+00
2.885885885885885926e+01 -1.224783760314384962e+00
2.888888888888888928e+01 -1.224143430743505956e+00
2.891891891891891930e+01 -1.222763804811439314e+00
2.894894894894894932e+01 -1.220646213210234032e+00
2.897897897897897934e+01 -1.217792498854836758e+00
2.900900900900900936e+01 -1.214205016883092014e+00
2.903903903903903938e+01 -1.209886634655741533e+00
2.906906906906906940e+01 -1.204840731756425587e+00
2.909909909909909942e+01 -1.199071199991681658e+00
2.912912912912912944e+01 -1.192582443390945102e+00
2.915915915915915946e+01 -1.185379378206549150e+00
2.918918918918918948e+01 -1.177467432913724465e+00
2.921921921921921950e+01 -1.168852548210599807e+00
2.924924924924924952e+01 -1.159541177018201363e+00
2.927927927927927954e+01 -1.149540284480453645e+00
2.930930930930930955e+01 -1.138856055483386420e+00
2.933933933933933957e+01 -1.127488462458455354e+00
2.936936936936936959e+01 -1.115443272634880190e+00
2.939939939939939961e+01 -1.102727751728075356e+00
2.942942942942942963e+01 -1.089349535435297556e+00
2.945945945945945965e+01 -1.075316629435647764e+00
2.948948948948948967e+01 -1.060637409390069674e+00
2.951951951951951969e+01 -1.045320620941350587e+00
2.954954954954954971e+01 -1.029375379714121408e+00
2.957957957957957973e+01 -1.012811171314855763e+00
2.960960960960960975e+01 -9.956378513318713264e-01
2.963963963963963977e+01 -9.778656453353284927e-01
2.966966966966966979e+01 -9.595051488772312620e-01
2.969969969969969981e+01 -9.405673274914272408e-01
2.972972972972972983e+01 -9.210635166936068652e-01
2.975975975975975985e+01 -9.010054219813045107e-01
2.978978978978978986e+01 -8.804051188338972711e-01
2.981981981981981988e+01 -8.592750527126060689e-01
2.984984984984984990e+01 -8.376280390604948778e-01
2.987987987987987992e+01 -8.154772633024713890e-01
2.990990990990990994e+01 -7.928362808452861232e-01
2.993993993993993996e+01 -7.697190170775332074e-01
2.996996996996996998e+01 -7.461397673696502642e-01
3.000000000000000000e+01 -7.221131970739180783e-01
